967039
125868
924831
621696
736645
205801
51089
224692
755026
709811
685296
342942
791391
64998
745510
715768
199487
523836
316848
859959
698071
613278
61641
410005
710264
751859
287879
205501
72639
482108
876005
727363
738455
564521
435827
105563
838987
761852
251990
283519
209275
467168
453766
131542
583282
203111
783632
291935
905880
103343
134197
288702
58877
730963
611631
290102
617534
156104
798960
89123
497821
16632
355343
91596
297140
992890
785132
927881
843247
656746
958779
542989
484708
308311
630246
437808
799298
883784
83901
903278
570813
992045
153892
645755
55686
575093
769678
969184
27537
872694
298357
177799
486630
313351
680173
509669
658221
273503
469115
781549
783769
587064
616410
39925
735566
207803
738458
85733
915127
223047
867721
347707
791632
493634
856465
260963
941513
390260
323275
3000
303696
211556
136904
189829
129136
370915
620829
167568
322751
761849
304903
330609
311454
235027
952124
440156
780867
373518
899518
348198
359520
940928
975843
196540
768291
412012
302424
72984
58128
377034
173383
232800
549612
588760
699884
629977
246960
785096
855110
475862
471034
294981
903306
262334
539728
934667
443175
959330
654941
733332
265472
874633
65039
465215
132003
643178
338715
680348
274042
944162
736319
221410
316296
224129
965646
909073
547240
213737
630904
790246
106962
970530
771683
455902
145927
289729
666461
431831
747036
962134
578991
850275
662321
484170
554544
799483
584753
363804
190341
760547
279955
177749
35296
70196
519258
815542
275498
147954
794291
683077
839517
979641
717431
556170
83789
754395
737151
410653
359941
857134
517396
18702
37765
273779
470629
123034
934467
457316
338195
871863
237682
908405
387929
660747
871791
595674
932923
313606
711586
203669
188443
335597
783436
707440
233623
824668
551279
346246
64863
466684
675854
953533
272997
880301
117011
340311
322766
957640
669454
376208
505568
409931
67582
159197
502135
324856
625011
949476
372504
376302
736058
22050
895490
485699
764608
741557
508765
37915
852835
538933
212314
923030
818375
324378
396962
966938
452745
284195
951032
347137
947900
471238
564340
174335
620991
410220
356530
828443
535935
951074
490328
125063
489063
273473
198117
412089
420897
605576
237166
922066
380795
767143
989449
860389
766351
671556
818690
44933
292894
807861
606703
455259
507881
784668
795680
768769
588149
921905
632625
359093
885244
431924
503129
759502
797095
550884
122068
685478
552450
664694
218976
15575
103252
778019
529514
42317
291929
881683
881037
794815
988736
633900
897391
814207
960930
929938
773963
351816
476635
550504
261251
587842
483124
778769
929746
878550
127616
816480
563221
89178
687526
617910
799862
817444
11797
409073
882841
538346
955606
819566
545898
431588
933176
314397
617621
41764
701630
584474
875772
327732
547963
157128
750018
886569
972044
712819
846998
769440
753579
681629
411602
799189
492206
327349
526727
652229
942626
496786
828070
189931
858299
481637
404381
278358
993354
763914
736687
923135
131098
831759
314169
582897
398391
769655
106152
256538
528049
39595
744166
582566
66689
42846
275852
637780
380492
189850
273525
752817
481263
382092
114047
142991
40539
354635
355083
60707
730501
834060
523494
19745
743531
164502
370979
693457
148037
707860
292009
109872
344158
375544
656133
624567
87150
569884
679593
155956
100715
286130
617796
938544
770010
176935
18642
716739
260360
900017
652517
290282
128179
495624
409652
471856
211117
30158
233850
55279
445332
203892
236246
977162
18222
940254
441711
115188
931572
663009
680912
892167
344628
511386
629701
785079
811594
822332
222678
542645
641306
421638
36566
585347
809558
835145
7259
413018
754175
538744
62064
190614
654960
392176
282071
483132
184716
244931
564055
111113
502707
582230
649569
491193
486924
231931
99192
151495
164156
132528
238853
232701
3749
286489
475924
233658
113945
128560
589515
723411
925935
587005
704968
987499
287151
635416
857566
693579
704332
155467
632430
703868
493572
662841
119630
176079
666537
721638
620179
253414
881396
484604
434545
234502
151270
996201
58444
345377
555481
883821
906554
814597
969804
534693
253104
347706
371388
91631
443578
944685
157136
344934
457185
678654
574054
776057
397335
333462
93693
56760
798196
518624
458017
359121
149724
916502
106542
195961
677334
703326
113367
956031
821920
456074
146838
747583
149787
661952
98065
939721
517820
377296
505015
207630
883175
290515
205691
817700
884047
959210
105074
291704
727012
905972
946601
311436
35934
4102
625105
386170
773971
365673
201134
561006
627573
105480
845925
55390
345769
92081
12924
333461
183190
953720
631167
434918
402652
898002
214203
317255
199888
927447
490711
646949
947928
539031
472409
195786
713336
638832
735300
352914
136754
315048
33522
632161
913652
107150
619220
892738
43604
883442
942381
654190
581043
481637
786441
278017
302765
893776
688330
874918
62771
192838
65552
901086
583864
333805
99588
27025
411121
859756
732876
293186
576101
358812
398105
144189
50951
877486
594571
421248
955250
168471
870353
258810
273618
114236
863444
152032
127664
114724
185238
424493
730771
97178
334761
907112
629718
919905
932166
200841
90067
943408
170761
675191
722222
589084
435964
700509
951246
794627
544422
328326
225877
604988
153059
212227
724078
635548
478089
352272
232995
4914
153570
914628
452204
830334
554270
403647
926425
302428
768057
647029
349285
108138
174196
442881
41310
123919
270435
116027
138458
416509
308984
343064
304716
514128
987122
104152
380892
997142
629186
82101
806609
624200
31444
626880
337072
93757
107637
908818
129967
173266
923867
133831
122320
599312
449852
159530
672932
322330
454275
445438
811420
841937
311014
391291
702975
49992
762581
944997
915084
900517
426409
81483
73366
877358
335154
163259
7485
613943
621666
686201
218998
746937
670948
835690
502801
381691
328266
6321
250329
428930
814663
83746
967103
280469
431331
957181
9313
790771
699190
455638
62966
447171
796951
645504
564091
297020
488430
244449
669148
37895
358173
966747
748737
390588
577369
175244
147023
778897
752842
228230
353220
795041
864757
194359
346487
735183
911389
540670
158120
779550
70567
222976
646322
401779
447966
1178
491047
460938
395587
105179
816946
69873
917374
576736
578440
820561
397792
143812
372600
644274
335508
526846
219683
718919
714949
717732
143893
482628
91846
557089
915617
331192
649493
690560
805513
770817
585263
824418
699794
958635
119059
124836
733423
773194
200882
379353
856635
601232
44039
496563
415883
931489
464293
416673
933136
765799
159602
19743
86542
589458
609338
975761
336764
603164
505992
209529
570706
262727
20964
954141
864887
225547
198269
938071
75295
199498
785037
590361
646657
740758
923652
301881
883314
258882
5907
45041
583698
151850
463072
762844
944545
478928
300623
333576
113768
222412
884855
491652
788970
320724
616938
184504
904260
371818
136741
648433
961512
142084
94197
78763
503351
730899
961083
851426
57835
674197
812402
256720
661456
970925
466779
479596
854811
479354
48053
575515
152132
759184
468114
444221
133106
962551
667468
6155
854531
863355
601738
851634
98218
239303
848262
200920
295957
966933
8760
441757
418961
275698
468143
766638
505
680966
184813
572298
792611
220114
307171
508705
538463
576653
388680
444454
519429
265292
57775
112871
299011
932933
444842
118858
256066
745695
633728
938221
528531
669580
20662
155773
189489
746953
451773
98437
30901
495240
558637
219510
122896
968093
90211
820692
441631
644475
128974
190363
32312
617091
536464
62663
433459
78277
824067
905309
712455
662693
458576
346372
913432
979772
873644
289183
875193
625371
331813
82536
602726
78043
647272
76291
841807
693763
131884
801360
365567
726892
258546
534249
695182
730277
991450
224857
985111
683993
982445
250403
630625
691272
350950
650759
913202
961104
10422
395410
642829
551928
471149
839587
828021
337773
69272
551962
99467
434859
926454
716948
194372
392088
734155
287751
5916
594359
503226
897299
695014
621908
407408
22339
617882
505125
438848
25881
867028
956538
966138
990827
309940
876156
315531
58152
152036
353704
330972
415329
801121
340062
234245
137555
4733
122426
65550
663650
518685
648780
781794
62553
973707
215892
983127
190345
686417
572159
920391
448916
642916
121023
278623
993681
47054
99887
983580
275535
38692
645387
537770
100676
59103
948465
9573
807813
7886
963417
889050
151499
684077
582284
462911
223232
830029
199366
673254
10356
817095
256745
705001
547876
30283
647628
678912
273588
884394
204335
578829
240961
484582
552802
205427
452446
746862
624693
532425
995842
787410
342590
515167
11572
101156
77680
54420
934186
385565
151008
944378
992521
138392
687993
761527
413888
632255
452617
964159
505589
819263
184161
154071
768420
875520
804090
309079
330107
617699
198356
832595
423121
726045
375135
457878
143074
895960
663675
185106
816122
143931
565242
958502
996352
998826
129342
15150
136418
227947
406368
590027
915444
319603
705259
696295
626687
370130
124483
737401
476885
354307
454451
788352
662911
973316
546595
198562
30875
960546
576002
241798
65405
18268
785390
398759
10251
214441
456311
20268
573497
220954
435860
30391
678555
94935
972477
298459
11171
496998
779862
707726
638613
872307
144677
289351
911559
999651
535424
381543
939635
270550
247578
221480
261987
24896
711804
77218
176554
875646
135380
232534
265002
591527
124950
456254
188149
208608
944628
784611
482450
150574
378759
894331
44610
488896
348621
594009
125812
915836
858663
118122
695633
327150
730509
995893
238359
865748
670616
948852
167436
377155
577490
231096
779954
261349
634916
267916
613600
413036
871613
345373
844463
691010
792551
880389
876393
60433
220325
999690
104353
895310
781598
12542
877034
493273
611366
387119
954586
636154
794047
95168
13212
906847
546880
274046
182065
896777
820741
115663
440035
896913
250906
643332
50550
221147
188171
788587
591318
967471
346477
216127
886905
237793
466644
156087
773907
46947
671778
497760
495991
620958
476946
571761
658649
599073
538734
676615
880296
603012
327941
291072
598197
504643
997212
120414
974602
390550
464735
30019
220754
437410
513586
576520
39189
771441
565172
488459
361190
457457
245469
639869
684388
133352
178773
141302
410643
915695
330507
783668
646251
475200
969798
906390
101214
923073
86943
133521
798608
864074
231847
905385
114969
635116
307131
100901
680936
622425
40493
812368
596364
158669
726604
242822
150800
130189
552177
769549
972663
976823
695496
643677
596511
366973
914408
180275
102518
654950
943291
254919
468007
257438
557162
574301
819556
499049
994099
204460
111888
504389
377434
369575
922070
261549
40970
201609
769453
195740
942266
534487
747607
596676
926734
978204
432473
16995
535392
780419
379819
173199
894199
937554
825751
906439
311009
545391
817539
698150
575074
148635
591532
617335
61180
233924
563178
268647
679995
966705
270045
79029
458014
97462
420644
318364
942317
215295
319723
31257
246949
38640
891234
744315
642859
91265
162377
338911
762355
10648
689973
669032
234380
395412
236755
934754
55845
629742
910619
842729
327446
903144
339778
295711
727836
91867
736414
385498
342982
115117
905536
54307
342656
293753
898745
719987
148088
367064
379015
603443
303269
456083
716251
971958
660960
247229
159815
659065
174200
810587
711736
820008
383580
791079
282855
89275
943923
104072
745549
67114
595170
312675
497098
133656
498734
879678
394089
422851
101360
987637
267230
215062
637278
612742
252274
517051
769902
360233
353124
192068
524132
884172
47123
423653
578068
14863
609553
110987
594272
769604
955614
940978
753634
45036
460698
621299
602093
647368
430267
71579
150028
11821
707638
283143
24260
548618
449563
610292
372534
293521
336397
911120
439211
369487
386332
435009
464508
895475
993687
531901
649739
821811
448767
160522
632960
333110
237148
910475
159559
570738
470771
431525
827959
414796
378823
752146
512925
912569
599330
860563
953949
500492
909942
856850
773760
655002
587
119469
416041
420320
556692
380980
802154
39224
119088
938350
466071
679356
689937
150720
597331
958052
930968
407473
214677
541703
207993
33867
293676
556179
800326
296681
633398
107149
764931
161415
467650
813851
25957
420767
12203
811740
20743
57630
778572
208663
271925
798668
840092
51685
407616
334727
689267
541333
87826
833485
563180
374932
194399
453357
866865
786696
103328
856577
766006
917920
82887
492352
97961
202002
742883
536948
337499
830845
575702
107575
133287
539107
59835
359241
100981
60655
35303
529693
874096
575921
694791
294485
541185
564223
912945
37020
222579
331937
160938
778451
215199
657237
658958
698568
952619
963357
837363
636452
869432
569271
417602
478576
562206
669173
13948
749258
120281
573375
495553
758953
64042
315619
995821
529574
756236
311679
635248
377292
931221
906106
561900
20921
202029
475047
828456
522914
618573
758937
959074
793258
804015
68660
711414
781743
993743
24372
534803
405029
472580
108652
688
951221
943373
129593
582513
363529
737762
366339
664453
211911
249856
365322
830453
663366
12058
15589
925718
815906
986641
717788
906350
672240
854030
334468
341651
797194
53915
908126
752588
856995
362716
943397
414324
374122
947682
858281
317766
943995
72476
979984
262664
882339
979399
669214
579135
827193
294043
65182
140692
702310
722577
797039
750379
9640
554625
55631
927100
251688
683469
961340
689858
438787
459027
968982
634176
436216
961478
421347
570381
883087
748891
472490
390258
518079
231163
74610
685353
60286
135331
309187
317254
272771
816880
698441
598659
905779
3973
990545
923583
792085
750240
710975
945504
972251
870923
27360
285601
255231
907322
98186
126353
623445
765846
232496
587380
958379
862830
493607
824246
132205
789636
306835
995093
338572
989692
642201
129186
535749
828075
380289
460201
604672
836672
679016
707220
337976
161705
776192
663613
635084
755377
46557
647762
355413
450611
804365
113948
14532
844965
827062
284859
355088
415890
43209
869601
19140
487084
589371
183311
585624
958398
406046
244342
966160
150385
560460
391478
889052
562100
129979
51702
41258
903301
523263
334857
968776
632376
274780
246379
658821
203527
962710
717219
835209
243297
56489
40626
718264
557705
644205
799101
234834
135913
323690
668210
96180
983769
485846
945408
899525
152752
923611
412511
96131
84240
454
840201
420920
913721
821848
928524
433424
258565
155103
876917
154788
800994
733400
332395
985654
122075
374125
29176
498041
574172
76584
700185
355648
615402
625052
143211
65802
108193
364355
239980
584994
280219
85820
514070
515156
424591
959238
936026
517394
230006
593458
804160
113771
408146
571699
239503
947777
774054
560824
798428
340336
694004
985327
866846
775544
77229
396841
898490
127313
451606
964519
942442
225576
722411
710411
494045
857284
800328
707162
184936
88277
355495
731904
472679
473732
955260
551314
705786
599897
823665
816799
764712
116925
368991
418827
488039
730682
692251
995782
746382
137950
468096
578040
850578
497637
759742
563775
336583
643428
597659
636604
837543
209492
805770
119780
924233
670120
502109
761064
937607
307222
45834
63899
846923
686284
944137
86754
153513
33256
503468
346954
30129
810561
842786
862381
313918
402058
906386
903427
570582
692572
985613
223338
271598
631159
453116
141729
856034
853441
737497
991061
936341
817947
431186
404096
784314
156972
779492
522794
540287
723717
417881
547704
993554
652241
708428
973472
947536
153862
533894
439798
154765
625303
549380
384791
145269
217239
785545
825008
108447
705500
125853
100151
321677
670810
65628
701572
272084
783183
523482
793772
465128
336787
703482
854601
249537
657014
538129
484645
520808
525111
192117
620398
355884
762128
466720
26115
709454
845641
684163
53545
227016
593101
560065
356221
733290
690258
599973
778255
453372
317565
179060
13738
743658
780181
14090
411040
7469
32427
847626
811944
905927
91735
888837
617317
910834
264547
90971
930904
132474
405932
802028
344244
776846
484998
257471
297163
618418
142416
771684
111953
760300
648286
850777
479878
215019
812846
108738
539173
594545
866674
764501
645205
466335
940130
479677
974779
119673
430139
112070
337567
588404
369172
419384
395867
117992
819070
166698
369206
469462
135690
441143
251343
341943
229565
910351
25989
361257
744916
498655
805062
886189
195337
479473
142450
453898
221987
286017
541349
417467
130589
530719
590551
798575
396506
299983
502492
769764
656642
824300
474222
971946
529577
198965
424224
212303
280162
113496
337538
327571
976034
788841
845779
59941
837338
702816
800213
239011
511038
143969
752416
148032
249798
670142
387149
496519
674912
825823
110472
210195
250244
18859
694444
138095
891395
805413
393076
206606
572492
812828
308115
823014
198669
415235
535205
710073
797876
238739
722588
813054
806552
431671
580003
341481
402558
508796
711490
616991
125438
232013
563263
922325
80890
589301
299564
430222
530352
625305
20412
691663
152986
231392
157670
525979
877240
421453
474442
52593
396706
623573
928070
129170
663768
762746
624527
554871
392005
772776
613475
34
579746
70402
488623
443210
294984
326934
61564
865304
621460
991959
682675
114372
441316
647131
20659
763905
586676
295307
7570
193260
29803
537981
843731
369063
496167
373957
860480
984785
506900
818018
581838
434279
38025
321365
309120
106872
954166
752870
710974
216351
938585
612102
820096
387104
47232
407542
337130
455589
981776
917978
867498
614652
409169
205066
739299
66802
239854
356307
208761
119140
983679
489470
151114
739198
251550
433916
421458
618513
187568
990415
22765
314553
5776
246620
98292
357946
605511
442423
326775
125945
99736
959579
148921
263312
560393
464222
553178
769688
326237
466922
852038
984745
960937
13523
212129
594931
739452
806452
907907
84963
806244
367813
82287
456302
793247
867777
805669
103130
390845
443535
75340
469567
807591
197913
932162
836353
980538
726609
766664
115727
653441
5739
805002
224309
874122
235913
557719
595531
854997
542910
76474
158234
285856
90966
95737
157351
63636
211674
984510
806149
78477
101444
26259
3615
566582
728553
622646
450772
572331
150130
75912
736311
308668
199255
757802
257371
21436
892281
505709
386715
645364
700732
831264
344360
607738
583374
460424
457297
949454
176978
810932
109108
684228
945392
645497
225002
387159
282237
439438
281949
960589
106654
297312
279782
159670
816753
457958
856315
151385
356702
352388
364269
345453
479038
317526
57113
658396
892795
940720
254310
989775
207130
499508
256702
489024
905280
141689
777351
164614
336708
612339
853863
210391
767287
350005
140352
611760
63195
772968
711253
864609
748413
402681
605455
162183
15152
389844
38604
562460
327303
359195
839599
99564
231560
500290
164456
700070
772738
624537
490769
973611
286310
540151
825576
625837
431356
556528
861594
650472
729782
607194
401147
78384
268159
337758
54508
803377
838100
70708
599141
960837
908654
643464
49325
951632
701501
43352
383296
539965
672824
367725
578257
903199
44051
578349
524589
375380
893416
168699
108270
630103
929718
278611
710070
753582
962904
295166
837405
331417
993529
901431
878446
714850
19640
772744
505196
279691
211898
34407
331456
286148
950883
511224
434145
967553
537263
745840
594764
334016
401229
442979
472696
236356
958326
469668
959385
81503
853532
961201
581151
463745
627498
253127
370825
253499
74172
199024
993521
895610
623271
386815
122554
557308
872961
437869
911812
460429
150955
574628
516317
361009
258070
277373
442215
788075
267859
196381
98470
965607
512705
946063
261821
801838
258116
543175
455107
647234
239307
726036
295297
46502
936292
428418
491373
104099
298956
867147
442496
660250
742435
31005
523433
558434
370848
930289
172043
206804
557316
581262
454089
60056
870001
227744
299207
34471
879348
31610
374736
385959
217028
778499
553930
231172
150831
421134
64310
136183
959564
895895
157837
959200
87158
371503
133593
898919
886382
984464
337433
982098
141933
692900
985785
89617
848586
659067
707794
180523
316646
379917
265159
315911
512447
47321
468226
216601
257600
612172
532926
698484
978387
630256
773898
14999
422052
408060
572100
953033
324300
202257
704896
147360
511131
44014
983742
145198
958442
609350
215160
409409
476048
216927
101919
105831
958267
211127
126581
926171
616668
872597
524991
823213
10106
950761
858700
294217
477333
2585
764258
267509
117676
718736
565284
614097
557987
343045
46659
11502
43137
221422
548666
328246
639128
757415
597355
855037
884731
178947
964549
1414
346597
970537
119954
416650
796199
729026
820344
724926
54706
13530
67000
703212
877623
215801
649616
364162
854735
386575
791735
770378
758588
712612
96865
798985
851267
632279
524197
939454
549820
11402
840304
329380
240130
592507
690335
175413
587133
138339
976172
844913
184498
260201
965093
435615
759336
171219
258082
746827
864614
57342
964792
866762
248932
960558
150883
863433
212625
596937
735013
488094
945346
684266
737506
793293
628609
257816
452617
652373
623636
609295
602591
282741
627817
437254
140693
210704
500110
43005
33507
412577
218082
496556
693693
192378
791046
357756
104041
328444
628864
348546
659855
65210
228694
255323
127830
795841
565892
946001
181824
234235
997304
419733
902832
752576
810938
174425
758320
38713
28710
794670
255756
352666
122964
108246
6092
859099
445001
713858
761652
250701
595264
262430
240705
318458
363443
24722
173538
334234
935625
322785
239204
991505
131254
245685
157686
981542
946796
531198
938138
558713
843861
389268
403973
856296
867581
682721
644585
863294
365461
742408
346201
174355
86075
15815
639700
871667
109424
592397
575349
579267
154183
425967
943003
627915
147822
582422
938583
490031
72449
32297
781599
478563
677982
696179
373111
95580
993456
889658
701840
341600
313635
32774
261987
794585
594524
900954
864790
95759
763154
833625
12521
870502
231692
345506
168926
785406
235017
516487
386780
496341
970141
357897
502519
292884
151732
240904
32836
944905
504553
420167
925356
628819
248353
746992
546877
570616
388601
301099
693340
482000
495300
692038
285963
706617
649110
40932
752700
598513
394364
196094
1270
163873
535213
762475
100273
385529
670501
847476
498127
408638
978844
993491
28747
199316
655919
1144
205333
760237
328984
243164
972488
101286
743603
492359
94848
891452
624709
211586
105241
772225
362918
668870
320483
666474
886376
686274
924472
90026
957332
858243
115045
878642
95609
519672
422556
563430
91492
443479
268166
309089
966359
618841
431928
415840
284029
989470
541782
977268
516779
799476
356597
796311
503346
228070
536256
40914
655298
967709
491500
354414
992159
259753
451869
272983
708976
499535
330091
87586
631917
531614
527214
395030
517201
797850
70923
795330
265042
999447
136263
767477
430767
702440
149188
974650
11372
825546
43553
366857
654641
384983
690955
636636
566354
312505
482666
857823
831361
361881
613456
488874
561846
45074
966949
563733
849786
740963
219398
733977
920411
688167
749634
685012
582659
395833
197905
302287
357139
156212
176904
719303
977773
688676
399338
494943
104246
825031
659532
835019
272056
773831
99167
965020
930822
299879
11807
836943
308941
673350
268341
822481
577167
717496
535891
511205
897046
51237
43421
20156
539719
175977
163681
629633
191884
756881
721650
764234
353355
994316
364364
135694
399653
3026
14906
820365
588965
558292
1225
114171
993245
450410
442243
80943
499728
646682
17879
85386
102679
152805
145650
148831
88212
641732
901864
908976
791345
154200
175673
496317
559402
542680
969986
563466
536821
426045
654732
242305
418253
958772
174209
927151
321444
418660
470967
668153
748520
823489
404464
831586
742631
454783
130518
46762
979660
219841
917615
784118
564485
619431
97644
602359
476048
217596
802175
661180
203568
630287
282656
711438
964520
559007
753258
291216
447557
546581
653396
159537
209574
497281
859095
155244
780914
199174
621643
446375
482628
75811
531356
236018
19219
144394
947091
276103
643074
809575
679907
886081
593050
780981
777931
962671
256133
409479
969325
971689
534159
827677
181891
203850
555773
518815
23459
271601
621056
798946
637464
771764
412403
388972
377512
508412
420531
848116
369003
123966
236407
838851
931603
461511
213800
66242
689506
410464
151288
21389
165091
481249
631896
323728
920315
154085
870208
131845
978461
178541
361062
241135
337292
656323
210955
510161
8317
344589
82714
121222
567812
2183
44185
130232
639392
217683
945471
854722
727179
963627
471848
45823
264802
323181
626251
697612
28089
826564
156585
718904
651022
220194
517492
564518
573185
383889
904928
653169
515153
4805
105341
1450
701574
587321
465832
255869
439474
143741
232630
248245
31847
665549
653470
404710
972527
451812
873174
301220
410390
215409
397160
457889
7237
238223
373397
726949
837914
456793
317151
471705
153991
543613
222168
685548
623539
930918
411435
81737
500246
513436
311499
331890
377100
28976
500932
558550
791739
28206
24231
806925
20042
910724
80261
820992
612939
434818
633481
430321
147885
513860
287800
887411
882751
887283
586086
648123
198865
151120
531797
326912
100962
456663
661040
554651
413553
643589
3176
990551
100866
643226
58826
904892
186803
24010
821177
654675
65702
867361
319893
167307
123547
754984
793194
550769
886194
438435
195762
344687
839466
218871
371362
258658
664445
102595
552837
327297
373148
450430
775928
915915
622701
316362
7411
436649
522292
874542
95432
598038
211574
489758
833168
441534
945707
750300
909622
74037
176193
896132
756881
10187
906296
246926
576956
490614
561102
239520
962162
902661
864585
516124
798799
328517
339578
74231
230288
356828
888635
530847
973654
339817
997605
656860
38025
186371
441026
492735
244196
519072
90414
479342
687337
339772
365978
344099
480488
908336
539736
142727
117350
445209
232080
240057
391284
178150
376004
665676
957208
591656
329736
260816
853803
446801
991373
178788
193746
683813
331610
435318
522749
809170
651655
520405
26702
970954
820363
176705
390781
405745
167220
289719
947055
434255
897821
104798
582344
359137
405257
154260
28564
380560
111564
77980
432351
644013
975244
688039
782325
187264
675394
100266
307067
185215
763213
715521
67128
525836
653219
774882
475464
401896
811141
844937
597095
56982
480727
596818
542331
69379
221334
78239
63265
81929
909293
999484
682360
5826
986622
252718
227688
361303
479081
739829
102682
420969
68696
881455
254676
942532
594161
772688
931806
704734
173783
524106
247874
222402
438525
390713
939898
583759
807040
709181
517543
949104
237047
471528
575939
973253
567127
128895
101470
230599
45485
803617
774862
593204
20681
493500
511112
955430
879657
381946
890042
376694
357791
230498
375380
723565
997419
614350
64123
823608
57450
882071
974734
603255
66704
612259
931471
486870
529155
754985
249289
674615
237415
664075
422265
486801
634477
280851
256466
834979
92749
996353
383703
101028
688635
795307
753306
198036
451993
127734
413004
252587
235057
195839
629094
240459
140782
875960
805872
909099
604761
143573
238421
505858
590234
577846
77783
787945
167433
231950
120141
330690
387620
112455
116294
107582
267463
241266
240270
449024
374067
647223
277514
266585
906271
700763
325588
111525
844838
217071
779852
805666
402884
598231
279866
241430
403891
89739
848561
336740
170055
595834
761482
241524
908135
928912
660286
603942
298285
326665
282849
807370
831445
133394
704023
443405
322931
931329
881142
795824
160602
264207
786535
242379
540692
962527
449824
507643
797750
684817
199236
375516
636962
221762
489074
850412
129177
691418
590227
680333
573196
620164
773627
233738
774051
94409
368767
926676
274522
910962
920404
538301
867526
638029
257798
324637
640239
504281
908212
587999
892124
66970
467967
823068
363628
54393
650099
441805
962744
396680
653616
982207
469619
140649
725297
698009
978677
808050
726123
996545
358216
547256
370745
722932
230429
20128
13774
88904
496074
897698
845157
522215
953210
675855
513304
632671
773342
90535
201321
995785
85577
21221
635465
187992
409063
811712
280520
637113
775274
553701
936573
306899
757553
705953
114477
366981
138054
233627
634513
419525
341878
424336
403892
401979
243459
250066
30825
98526
988591
2273
857988
966592
308876
454769
89811
491465
566396
552822
615933
945848
648851
805654
678077
795536
386788
334407
941023
198122
712372
868931
278494
576602
406797
889399
882601
436240
119136
654191
627753
382992
23576
993452
57612
730358
436640
879898
235146
321415
180882
753730
524789
255825
600482
927632
635196
71727
348365
257087
592091
886704
813205
863912
82122
605779
943469
882905
68891
326862
186409
365356
620162
748782
695068
656609
699526
821557
342687
495426
434523
962500
687422
383000
835147
667006
584753
809610
526511
715783
679910
82043
502000
906210
479215
261910
583450
993460
978560
420187
761503
584931
171918
523619
263276
348646
819621
621887
383983
242066
91213
543082
266574
904925
78997
768440
810324
687194
370777
474574
548975
980199
828265
455992
671321
967018
412452
320369
421921
545890
839628
670970
372612
908946
30254
127433
795236
784202
923586
396406
183222
615971
52196
335506
999709
574348
166949
329885
171273
420345
647274
262506
463734
825078
313003
401763
918844
470096
756682
204558
516841
886561
600239
108617
721061
571325
744651
349065
529465
903737
965945
108164
745098
538769
133238
365203
276436
916147
781751
221533
606841
278468
55996
127123
73298
113908
278598
863833
524951
204620
377106
472230
93187
239801
49177
603488
515101
982676
549706
594293
676495
570696
895688
997608
730918
679361
639849
625324
187200
123430
800776
665474
762632
628014
519470
555762
463835
542468
546942
928913
890182
60076
867632
246421
222009
440171
623309
156050
997661
60887
851402
328931
661195
468104
395590
74224
482661
84605
450100
430774
797509
377386
293412
156069
917705
773124
758202
477574
696915
361619
590573
192497
811610
248986
365059
809917
424547
406264
184614
573037
909679
918903
889396
92658
824376
99464
125999
984332
932062
51952
455151
194545
103956
295493
392803
392242
584803
279571
562028
609559
228702
90611
843006
347305
922712
748387
529708
899769
288535
938413
421089
478376
185899
150046
130479
277956
412942
698458
178503
260112
472138
327882
672769
938972
536935
692517
208432
268867
831309
842742
794673
421647
406637
96317
197536
253862
509792
445258
809513
912035
40908
83877
893488
553650
484589
291517
650108
825536
306876
343285
661154
194987
859593
473761
743992
607658
722692
305393
604646
887720
201951
706174
822809
531357
395696
27228
103284
840429
180616
113920
422929
372987
524983
189680
77840
731040
932445
731230
800371
901972
392808
337817
152052
56674
975328
923592
881084
715125
427521
761329
467421
289274
599691
821703
321018
220157
745331
443561
838926
384375
865184
363528
966701
217760
313073
356805
584935
420015
507574
595095
35006
97677
179051
661672
953245
454546
501682
264075
587371
196273
302112
348098
519355
957042
66290
797514
944059
901467
179468
189961
877843
537302
497870
35486
219969
982758
569121
51356
773926
756277
843959
110793
694996
861342
42125
786696
438642
418550
625811
373463
21001
823608
453560
736605
340443
87308
824008
167292
157015
445136
575398
481064
799320
344704
973850
988807
17648
356009
730973
716559
15424
30591
426201
801500
159600
901785
405301
978267
414509
498546
845699
387582
861426
643904
531889
2255
281003
723824
576106
16312
355555
32057
374835
730793
822280
584382
831332
604844
593702
499540
767482
921583
859056
970529
17997
605123
746114
657139
10721
408457
634657
918857
810703
704042
571793
215629
332110
92661
192045
10426
919115
443599
551706
20491
778964
744441
364966
564915
467717
479907
475965
689782
142994
332557
638128
243636
148799
261550
803274
715650
128672
306947
913813
626378
105996
639822
336189
154474
922180
264764
978925
398758
981238
833393
990578
934264
460720
966766
533007
97338
576483
748476
340833
312877
564380
695204
705254
477125
362074
651012
197113
623253
369941
237783
504529
594018
624619
379512
871997
222986
644967
561110
15351
913570
37354
257538
953374
233927
113684
336886
399143
641487
970704
663036
119378
484122
420889
179638
725572
187645
128308
462452
144302
491161
371959
178261
126979
733379
645828
571526
868056
826886
69395
242098
3365
700869
999305
395207
693445
360878
429726
834169
682543
50868
240828
954568
249408
584214
897544
308045
334295
922432
769562
727558
657237
789934
357714
547329
306403
617966
228929
97034
631583
604030
952832
563778
850851
775203
768742
975687
29712
913874
842057
470051
197563
432734
459985
923197
562997
599958
590176
766223
619411
808427
667803
425447
814369
544821
827958
564882
6234
530829
650561
138106
103237
183717
938653
515506
556924
554396
248422
771367
131179
320241
279938
360565
175110
584118
457143
838424
392396
213063
927229
268103
716370
250835
629740
311028
822782
609832
773036
283265
664390
727383
23598
607177
692226
313425
659452
580366
857159
557715
178589
794980
33573
973480
554561
336548
952239
656938
783743
828765
652800
381642
865014
937415
346188
587616
405774
141529
175793
239625
781557
108458
711999
265567
14416
490291
225526
989822
611641
836157
154472
385246
544729
736089
702322
79087
168855
35129
229275
703680
873189
445725
63810
761981
98650
925009
571220
515786
640779
27407
73658
711547
502212
231320
210924
715729
454104
868793
781404
646845
895974
162613
246901
586422
437441
356944
70161
71207
833433
202841
432854
929757
206677
632426
53093
852133
620555
442029
997605
684507
771409
87700
705645
860452
710537
604776
363736
604655
118556
529780
426122
300523
9322
570505
642300
486793
220988
652431
550408
502839
393305
626305
746581
370378
459140
333939
987574
441963
351740
204699
982027
105614
309010
399016
219587
840266
276711
362850
442046
986638
558578
413321
446494
582431
681673
336935
323243
479028
37493
727848
393044
483494
440344
662670
665666
395715
317218
781314
394166
943695
199356
674431
421866
789994
130151
908447
626738
71592
461832
590017
696252
167631
136075
700966
319708
738692
205042
9963
12081
668880
595285
138205
847185
731535
193219
913487
930229
317451
151140
167663
105794
310222
874673
551939
525230
619476
620257
548207
560233
332338
54392
817031
176200
33166
462262
989984
875996
777394
434272
304911
815362
94686
637531
119857
18581
91300
734623
277677
596717
494029
637706
100205
694620
480385
701913
81610
753890
67396
157629
210369
503756
19980
820607
813709
312543
878837
58611
690722
912423
956057
331876
661231
947391
279441
318293
36667
114699
836007
361102
955577
433915
479397
169871
184600
820207
319137
531175
906015
162518
686894
816877
455734
506373
726487
403750
22769
2481
572508
621597
780104
462726
935117
220398
300191
606388
472735
765
493925
545064
345009
867593
727751
74440
818006
498502
171486
760312
287406
488025
237273
872825
815079
195100
61684
487482
113630
270194
572136
239011
328648
220588
390325
696573
130974
115062
771018
197879
75892
559134
137091
771569
818017
965082
501023
755194
907397
369917
96378
323481
434213
424139
179858
921341
297429
980931
6809
500783
633403
861672
447714
481701
408322
713114
43099
457420
408341
875304
983323
407937
286969
79200
738298
874702
968431
988265
356139
67713
471755
86965
649081
893003
377137
115381
952317
520702
162626
632366
873040
540513
214441
638655
213743
362478
292359
19461
853489
834431
619304
595639
739807
187212
897154
200886
11596
811987
869369
536293
480491
906860
980501
567829
22153
409996
580443
519321
241915
32756
114140
181991
780553
418890
552436
81377
644409
308285
726152
112373
744095
431797
25176
952126
49229
570232
673885
255216
96622
997137
72363
281355
521775
995861
672015
372570
746389
130598
457913
416228
555994
351703
492919
101017
610064
676580
742451
343294
695331
428832
24441
30157
930789
121683
379615
848577
602238
679563
379273
497670
461674
927226
5920
158650
321772
601190
899413
780611
663629
789177
379929
465200
72250
451629
855985
665463
408419
429572
609657
169136
198016
888127
467479
666447
475123
9093
823581
563335
484806
649510
709357
624905
112147
899072
759346
658139
794734
382519
6962
220645
907107
118373
139201
851836
736163
822568
320786
204813
368075
689583
74038
681113
277368
472308
92123
62699
421248
500283
375513
794367
906773
352457
960254
684666
626178
912761
155683
487361
924273
701381
714050
367950
375991
594637
719073
914064
954620
299087
319302
496835
312587
194568
31740
555777
435127
266801
850289
746373
344051
266808
63698
830179
378495
862029
301337
430619
896702
77812
387664
263043
400164
592940
1609
863339
150327
535675
27213
556854
717954
738081
193066
537825
362800
77482
258628
425742
515222
500334
916687
943135
41495
255139
309706
658340
437767
614303
554602
201171
187169
406371
850716
76305
967002
945501
741831
996314
336535
802390
578169
80892
852345
539898
833644
386222
98147
330888
248249
192174
912673
298930
430613
765404
34623
613473
130458
389250
708068
185091
182718
610687
412114
26818
582027
161039
595198
726299
95421
603411
97437
987403
242868
160728
61612
723336
526233
514999
362205
988718
666830
918776
491692
626035
958010
350553
394834
543320
749068
94769
24651
639128
393911
331273
124508
461354
42847
715918
542522
301825
176174
314557
460908
86501
503492
271224
395404
147014
968895
90664
471893
153664
38964
200622
209928
58926
630258
652863
868638
810958
685376
298044
554356
744020
619275
846398
613219
583293
922765
858640
355675
628514
581548
798956
19460
67834
172598
814402
944479
579192
457260
415228
603081
75589
771188
63866
404130
849082
584512
708480
966107
108275
102178
799519
695194
504974
274590
715568
854666
29251
554116
596561
855750
346954
319225
309925
587191
250406
292066
390114
193313
107413
251188
330876
175429
995000
923187
431650
447561
110432
342860
895539
30930
641659
136610
218343
652148
804421
326648
699073
850145
969120
798431
910589
236480
630342
762859
140817
722657
140790
242835
438040
472009
66833
269287
994161
784201
660063
494296
203873
271872
439967
162228
556670
360651
273173
671919
442252
346288
81001
180403
793674
841360
861810
610855
978665
761830
849374
748385
697955
604888
459658
113341
646039
105583
555999
533896
876134
989116
853460
857337
454018
951086
725367
801246
994160
518998
383522
145975
632190
836197
881319
292438
506335
554252
248386
383887
277371
369868
855789
205103
88531
640531
701319
215004
324747
360117
7872
205180
55569
539528
772455
691497
343743
886193
289511
761537
375370
765039
889984
567357
444170
208402
773230
48835
627040
402617
553805
383837
73678
115128
614680
547562
879957
504170
424656
662178
932689
192474
70822
910855
612187
129037
912511
653683
154728
104639
826411
644942
127311
352610
15481
348673
925782
575130
670543
836384
396658
243540
19860
115142
204907
213313
343436
907274
384823
401960
908365
688629
76674
681016
914311
525942
208081
441333
546117
927185
655968
450848
819846
25164
653477
546665
951934
544487
76310
990196
169538
675638
582019
933059
254980
709690
236270
912698
119456
963859
501956
566016
412490
216972
480118
518898
771487
731132
55460
803007
375158
17356
117099
426233
942504
721947
25672
416775
572548
364899
137157
491530
872030
484640
804585
546232
506494
731194
706843
316798
706077
593946
756995
768387
141430
919217
18012
685528
387036
803506
895537
337092
759956
50961
310772
882478
978583
244753
504135
631176
941156
17644
424711
298113
568454
265442
980754
512193
569492
75654
924613
33153
843464
898347
611348
386439
450123
254265
345234
835960
802897
810052
483717
865785
182922
324838
997136
640776
831258
457141
323673
78469
535893
842365
808883
627725
10235
349400
936211
543952
295224
364747
341014
326672
358057
387927
571881
486605
83233
343802
675596
698052
871815
935821
564777
250067
87592
541222
788583
292215
175361
901267
165653
638153
283310
761091
803414
717916
839411
991176
847869
580310
65239
273081
593914
78008
812849
990636
196942
24042
430983
478789
887097
821165
222801
874286
270767
742062
163067
230951
820166
687863
640957
33810
16966
965202
669107
226995
569313
456653
565173
545687
731688
274354
395598
403222
199258
570487
68268
204504
29728
142474
289663
959566
637197
407996
834516
509638
601255
136258
243621
718026
706528
466717
118381
451337
123130
87251
211631
165690
130603
846531
657500
28377
442669
775149
17890
479507
774021
513625
636871
476976
31459
480619
717230
250880
872827
374481
702884
390413
95663
306328
701836
605637
564646
751120
852432
796289
222497
744057
579446
385357
360556
409785
935259
445221
27982
549957
986592
494136
735694
968575
560498
502033
59218
557162
64778
9683
411116
978695
909284
981485
616603
146241
43901
478721
630450
295252
280341
781060
988620
183505
539670
795391
440305
936418
398219
500400
515346
768190
607739
336146
45321
639488
130379
903489
873592
70043
977216
680554
418936
500799
726415
445323
720171
920194
998195
827594
557587
133043
286683
349059
62614
643785
179002
46906
877854
720514
832517
367034
856589
648183
393662
151938
399989
206251
468611
545637
732767
619256
297787
788453
798880
649665
129021
136132
875086
597439
239200
769953
194331
720657
252645
663560
112538
188290
567040
179830
743221
346974
257561
304850
654978
93081
566310
88413
899738
566006
899751
802694
732204
95356
174056
196260
649248
278225
233948
733966
475957
297813
209981
395094
661542
490014
217383
553951
103322
447436
228112
752611
27679
623958
25490
35097
542653
647011
597907
756075
963730
109876
604956
364456
3337
361157
942635
395053
693661
485560
756187
886436
860380
802183
318430
35276
86546
874683
268736
74854
346359
600689
825664
562599
982558
408469
802977
399053
381730
986144
895487
793440
644197
2820
593460
758760
939243
820036
517610
210379
228878
317131
339419
194999
941665
57020
903393
392698
970632
966853
300545
737976
392099
129019
450514
640934
921417
542862
433915
578620
455178
545609
770194
853312
257887
701567
846418
153020
187799
191282
752369
56125
669877
72827
331603
66779
189631
322791
316774
264881
618872
959859
412668
421176
90469
377449
237477
29201
735199
822263
996425
467255
839149
258705
843596
229021
728010
851681
954822
471255
983126
383122
528696
933893
903837
60463
800536
700461
747337
301870
495297
989306
744410
205268
409950
195380
470065
939791
148164
769841
457475
496185
823657
600320
539189
982054
920716
562692
886084
385222
897794
952738
412821
434968
928068
669522
778273
684060
582532
322584
571641
288309
974654
912456
53231
59816
330918
191433
165438
834495
48634
394989
466938
466587
891506
876055
642061
188213
134056
268420
142330
966851
619189
807363
214401
706281
50581
15299
659311
78306
181758
402332
115305
337099
262686
47469
929073
251639
200529
677891
190537
428416
505155
700543
954098
274599
4280
276606
169352
587491
866894
387147
857128
754201
391849
553655
158791
865567
505000
796396
211970
238625
628606
520397
553896
257141
103292
915195
883915
45679
715447
893190
437146
646888
683769
606785
663217
586426
976857
641235
500716
757968
122502
954284
104299
686942
130170
532232
659751
246695
799197
875567
455198
452557
41913
636551
506800
451540
805475
426739
728219
912230
618882
605647
958229
988669
504801
544784
286115
227923
74254
188367
42319
792391
644723
550448
722974
290610
635146
330787
273452
185662
226159
225401
373458
197017
17908
625976
245669
282333
806538
749396
831462
797398
631091
498763
482950
724178
243980
448151
947033
537179
300559
811503
158091
74524
828010
72725
831993
58889
258532
897934
191741
582711
161246
471672
28998
761041
416300
101018
28420
96410
603607
125414
432432
584572
628749
174008
219688
213860
686453
193644
301624
606849
722179
608530
344669
424848
936065
577406
819677
584284
189642
235980
73079
991263
697486
188050
238269
226389
554022
190493
792315
396843
308252
714406
76527
31195
46860
467710
752932
203926
573058
200776
201142
494887
536874
62583
681916
988185
294553
368086
842853
959130
408402
657405
785626
182127
954383
876554
738589
75671
226501
563265
885876
596311
966226
289032
342540
171297
548032
22742
156803
630438
982114
780640
188650
48836
297922
779612
948226
663613
866590
197303
965393
802469
676138
358244
837029
633389
32422
400625
69345
744935
56184
852043
861646
504619
911663
26173
32043
887045
674397
214947
524690
945813
17644
686242
701274
269795
883551
352215
88843
258412
432914
511339
856976
467614
455803
702515
121326
600741
774602
113575
555598
665792
419505
800429
657631
316759
633362
867883
350351
136888
65791
485120
361740
434156
904692
252596
366079
11450
631501
579616
632533
643151
979638
389642
251153
327772
886274
709296
597510
289493
636618
599614
342414
248244
8140
774275
519819
94076
333848
394429
278701
227654
846652
404041
741980
307474
343777
441574
158393
668287
249145
527164
659764
427014
875824
501821
509397
205558
764774
603413
984367
160292
833813
803393
241985
518004
672753
678296
197948
428639
131197
302062
870016
222530
429078
80457
267075
922797
690811
237128
595642
386325
475410
71732
146410
367217
277779
271717
323446
504320
710566
135485
742004
299646
351539
948873
427838
244962
352430
514120
503573
405049
48602
202437
630666
486677
267523
890028
976405
413157
6222
153592
712467
585719
40871
977322
245149
183335
854839
904680
31018
685257
23073
529123
743885
939967
12800
758425
660757
399215
734286
954939
195405
158954
112327
288334
923101
114345
378565
810528
591271
233336
218740
494315
517445
576813
101249
308675
258685
10570
964097
362359
534139
848218
92439
980826
491847
954464
16106
474937
170950
726641
912380
589348
27706
802530
407989
855903
571193
66035
559134
575715
565339
352488
578348
302168
384002
996859
398289
921469
386126
584192
606502
883894
349688
837184
876857
625463
414471
808398
286312
247224
536345
856492
771711
821146
655906
591012
992189
809976
571717
269521
132824
856808
509900
471415
483857
719929
668274
819457
284250
753040
816011
759507
271964
120059
879345
417584
872804
861090
805008
41133
691773
916306
801319
595662
247348
112502
877522
568672
297391
600206
915755
403323
904348
439
928299
824341
714833
768316
936348
844299
420473
250771
578328
343091
912916
403501
199942
252355
568488
580685
681577
687503
95405
36705
217335
364253
82400
457267
651881
627834
591589
567301
642754
791337
111090
943263
546656
905990
510994
745459
889013
638573
792037
285929
529386
556955
739932
45526
381663
959482
651822
166130
877591
890179
752272
436899
911006
641329
601112
292071
605353
429777
945743
36643
16304
590794
448001
907336
621601
936658
529276
67439
717554
557036
82632
973263
391680
497345
309170
504714
69367
597448
1165
912465
733662
559250
807038
76773
886184
551386
366590
12216
807108
385194
325223
707805
351470
785363
194066
109599
268335
606416
62703
528765
263884
74480
871376
165530
602840
603038
91214
58893
323056
66960
842316
247242
843375
224370
769070
725189
108968
59546
260659
50966
127749
565584
891969
846336
965695
434072
899743
200756
75152
229925
112439
80534
590723
578529
562342
313318
982194
711110
175700
810793
136750
885507
966151
641193
55755
433745
915222
289481
403134
943113
828230
807592
797883
350420
448896
277552
770954
511779
838367
720010
663330
161644
157361
453213
374584
546923
993226
535518
91311
648382
98157
772436
134115
5423
637868
575905
966398
411625
610233
324994
239527
51279
514136
629542
127833
195985
502915
819615
344984
966511
93081
879631
192436
66430
482811
189529
973369
820719
492357
173653
770084
449783
353607
285123
772213
827254
460000
183786
823096
520724
3541
754969
481270
959685
442177
909576
506895
618802
112104
480057
50383
295724
542766
843757
339453
352037
863069
645531
744205
43283
209898
621627
371961
153159
443797
63878
210847
324578
269014
50873
828807
662663
301706
279879
16251
77374
210729
458024
574540
499507
764950
542207
967372
422491
347318
606361
707955
20420
988811
212092
816512
463517
247223
248217
347095
495152
842628
794935
362517
375485
626187
882042
687855
364843
571165
477020
913154
387346
55381
378250
185336
740806
423222
187061
578593
422718
531262
490613
139291
412206
178608
258447
346766
317222
913209
871528
65850
231104
705838
331302
633083
801509
310697
696198
436765
91885
16969
594854
211709
266298
944359
109478
583975
320381
452528
457117
173103
475158
234091
385972
128782
763375
424795
851289
98383
584205
799542
567584
549271
291419
864864
492721
984332
866281
707344
85857
193541
488438
446536
428545
829794
648274
665374
563380
970099
756195
86294
225127
999636
349919
196136
465954
286828
896350
420167
263134
490914
509821
5924
118170
938897
544910
404810
637537
399178
23968
428960
756934
863499
507754
968686
417567
356879
936285
979639
555718
322760
386975
893607
774615
434963
568088
920274
665575
536142
859701
399136
662156
468729
980350
891710
399607
321570
198241
753453
588667
101182
349041
711656
553484
80328
320828
122964
129555
260606
742366
922094
566433
676026
974385
84001
949474
325672
524464
584353
824708
834554
996696
920360
399001
858911
459277
139803
813309
309669
730177
638792
802206
800610
245646
463258
103794
935710
134833
4848
842469
640715
477532
270635
889319
942293
328529
230079
297124
12039
175935
795362
290419
338571
912395
454087
801626
954048
317050
501774
89488
61905
279020
517991
662264
521538
944563
168884
620461
164061
816820
33393
993741
18759
799067
524873
775490
938848
330975
542108
725301
382765
543706
127899
274037
502183
97197
739370
168372
242026
724478
507208
936190
642869
939703
110192
945321
379955
395322
943017
544883
633418
478886
819336
657440
774059
552006
224521
680884
801086
367785
518386
422922
326964
523631
920052
415852
338409
68594
505043
624842
627627
608513
267994
360531
672194
950550
749064
976937
583897
431237
181542
675438
338045
558287
643215
827780
654046
486998
542802
630409
422251
795812
446490
815218
527783
266944
217439
426305
143203
274629
506816
908432
652810
912992
559462
850189
944564
207884
914419
529444
500419
201694
325157
308378
555284
687333
240353
746403
21239
399882
966912
615768
911982
223971
411130
90561
287443
283315
411688
427111
235980
5053
387657
224481
839615
698663
417975
308993
665426
104860
267203
928791
786149
353135
705096
620574
468534
887866
701073
113231
969671
57146
177697
193052
93981
434807
667083
34243
504774
98939
298268
680219
551008
871632
813251
434341
5176
673807
21301
578625
216212
587673
438287
10637
143906
134509
814215
122066
367993
59074
139424
166397
753507
275774
41842
158060
76720
118659
470231
999705
187731
176561
686657
813226
840586
1198
241552
429016
832804
620833
933823
828442
350561
980734
536536
857625
942570
849740
804273
640158
978815
328720
793954
638102
928606
807463
239899
707201
111102
328378
107759
326313
926311
695664
204056
105752
6302
180992
108502
504783
234412
371783
805365
133562
156588
584267
505010
631259
439064
168955
283463
737610
89599
5718
776965
402723
11981
495895
340969
416345
907696
943881
960404
98613
195463
218642
881460
659255
73283
740344
687155
853079
90248
190404
443233
642424
663327
610402
520918
573977
644092
727230
195538
790477
297775
388839
975958
806511
468397
464878
992419
435349
899218
589920
848438
416285
668062
313763
865662
230501
30305
74681
536917
568074
364944
428091
567407
5902
164034
405651
104393
198150
612670
753789
539316
310796
708397
374387
102290
862141
176027
234392
323785
549267
594893
327888
435219
925084
137301
721410
573102
143565
335313
947799
212426
231459
197123
110792
738411
132872
80165
915213
539534
532428
25514
209176
405367
808292
3382
740608
149371
755403
849425
230599
76118
751230
355378
59062
951343
347441
843271
149699
295355
307152
566875
146940
983026
293492
378440
302525
815361
205362
543204
678999
153685
372213
847465
610488
991721
353073
999059
997345
908722
104991
563611
269335
428783
298758
293928
592202
192408
612947
849826
461188
172101
894801
425806
367450
1794
705268
944183
899957
573978
575402
980748
528768
533676
799835
32159
100553
40850
173320
961240
297222
686522
650625
582493
281312
580199
233864
436317
888085
267618
665629
580652
599621
515915
458620
736598
798190
101775
651824
116180
684098
508802
106819
930176
785359
318018
480923
658620
907935
682604
553598
62564
835378
130582
966931
291860
58079
441219
31316
268945
191912
438731
605260
432389
988200
864305
580232
630252
840461
865255
45327
677146
686748
488957
406949
381657
716086
769842
289411
359719
331237
765873
817814
251657
231425
797543
861974
796513
142028
336101
593562
571788
730341
921644
288249
695667
125898
774236
636537
300049
840326
304710
685850
224296
405360
630823
351057
930390
59694
541582
430465
139669
595085
239244
403796
552259
649988
619274
508259
317273
197446
99874
912691
542630
645164
262564
431822
822804
252723
478243
277769
662287
422886
555642
706928
768732
533397
984137
80069
49234
253972
27424
772687
406257
6801
827371
448304
358715
736083
98424
850332
69850
543047
988410
153242
197685
370192
895424
813505
281635
552431
49814
317852
527954
230078
754653
761253
750267
530658
981332
287100
93750
618916
832289
857620
40078
623732
330782
380760
509856
910917
247180
366199
851312
751191
745458
130386
851120
519060
348613
371876
209732
320135
226997
130729
584403
490140
721804
805912
391748
153875
31121
858776
255083
864084
822694
15831
688573
270186
51066
363733
375868
189438
960470
837087
922901
679329
476930
564398
884543
372245
131074
689200
328869
482651
488194
246086
682117
391619
962025
176094
640143
297061
981498
632294
57829
926709
779713
598213
10164
755995
354109
502215
230331
4116
730279
17505
339584
714308
73183
51980
489033
981179
34575
892413
597505
485543
196511
511813
704248
162413
106747
933504
248572
647602
933822
346033
465137
147262
454037
583443
558879
497730
734440
246921
736441
801301
33991
718582
536549
754489
512688
898031
333285
254047
755315
110433
117757
276590
13454
201370
870364
894779
670181
536753
438852
138327
584600
91238
15830
793339
589789
636590
559534
90194
587861
762235
79906
666376
170751
40842
923571
112140
410176
420514
250459
902
933504
95579
904182
289484
447700
411615
452574
680684
966786
964507
333748
9320
343789
710969
372067
646067
240777
734479
768074
596776
103366
219878
116078
504514
115180
345574
926819
919967
31628
527132
524255
855955
444845
395386
604190
690683
483506
843313
589837
709106
912044
456265
500696
604111
953215
972129
188722
637440
549219
677855
571346
587549
946182
358342
111145
846403
326864
270942
477713
405262
732819
912073
902820
567823
404628
783566
858938
591855
189688
296910
72119
257216
148524
807055
639773
766441
886512
976442
77708
685453
219049
813197
647491
356551
575219
832193
765278
564238
628973
192721
610009
118346
50998
346119
97018
756778
958419
362089
513746
42262
195189
721057
822855
164400
400728
419042
96599
533252
375848
520010
660137
140294
62233
99566
602685
679252
185798
492331
138316
530152
532259
428072
607776
385650
269707
179030
876683
260754
185776
563698
849425
434729
301357
517978
344361
16707
219577
448942
624611
367517
537922
135809
707706
210994
823509
144146
322258
906003
168757
433736
399077
797206
775807
783811
85579
826236
943025
952470
469275
839292
478884
524258
671762
225410
505020
97970
437213
133921
914718
479884
365898
471730
966061
119895
86008
20353
511423
463953
229056
114643
550931
555871
526727
321595
104171
489763
918206
973311
276206
188405
155652
139778
353789
325827
894056
717880
446247
116324
159019
455036
237578
430788
73886
549852
493177
747374
371016
341219
154762
375816
509612
58703
617025
319126
115248
932366
773090
376286
740490
642710
652368
99437
862208
451246
680848
196658
490137
694916
686033
195463
445881
434344
959204
167136
327856
166292
113193
562841
688985
786658
543313
889573
703871
177535
975214
383409
481804
159434
99149
446574
677890
290567
970836
186343
446848
316683
824567
187985
481434
272196
305886
341145
93313
205794
226401
531218
595078
484093
794586
424810
359420
314191
994501
63807
985556
952791
423372
401015
418475
31656
922596
813161
816353
892318
640634
176467
695026
472696
190446
859723
254744
62930
207686
680797
577182
929835
281381
657270
426370
577990
211970
622418
201072
354071
189696
349178
81590
520663
364116
46035
223744
283913
187965
529896
329652
945554
501406
380408
38208
351
390269
897174
168628
876333
497315
916094
348868
447448
255309
839394
298879
953782
40236
267375
179101
808616
797610
779439
100479
863160
885410
122903
820301
445172
604278
908909
619831
975500
12577
167969
969597
49252
650883
509829
303447
910936
891241
770848
103077
378374
988418
24188
558059
748611
945429
547884
679403
636109
545251
9270
598605
778296
589733
998344
316878
611934
78829
926399
6736
605876
762671
490984
460192
790345
976598
816573
758900
851198
967090
66477
136741
247692
523086
424285
653044
989971
110962
339253
702029
148272
428584
306460
360449
127514
69455
28232
640437
703149
592172
321769
473093
770041
46696
729643
905370
936457
760086
720484
639188
996791
706376
48730
499020
574138
894888
266465
734225
469873
997566
515662
660090
863975
60082
102806
113451
621718
790835
851984
834283
182363
676532
588370
130166
149344
804797
421313
485865
60929
210666
921348
288766
577808
560739
519487
770480
555356
44134
182504
789851
568786
979737
139161
47559
986879
401547
22717
78233
262257
709007
552875
216747
982433
738335
919678
922723
295089
60506
858723
633136
356418
12588
831645
764979
139244
244243
46093
131314
314719
14475
469643
931116
56186
676561
301166
190351
297533
824186
65206
137475
84871
168716
824085
405324
299180
240312
623675
610272
758961
13136
72732
380224
213130
703302
146532
508842
649785
762210
287627
485628
639236
849542
209548
242646
522421
516820
21220
669368
399783
849626
701481
421297
633140
603367
245338
737360
537561
63037
163310
650744
693116
895828
375472
108576
178456
30271
850710
367009
46244
930374
483352
610287
971587
460631
412804
857589
143326
551902
128482
605784
860570
312667
781867
821859
155792
942376
968583
57793
878883
31944
377325
98103
666213
705069
992306
587269
581550
540364
582541
463958
105610
931982
209963
440380
452008
895834
972263
32722
740406
391878
432228
872540
344435
28356
363541
512865
676751
993798
617941
270294
763947
20418
308422
885639
140717
914615
593551
899306
724942
649852
762659
121131
913543
811420
812962
135604
75378
148604
919041
833522
263443
906791
543963
569520
652528
480843
234845
903471
458996
653992
790262
21504
782948
172685
121304
772137
337205
748422
402495
818075
716118
476885
603704
651304
62690
749014
488141
386693
990626
829047
134375
84089
785297
535941
313293
430914
49429
39894
492913
58603
919486
846086
50378
202910
343757
389795
507852
348612
302391
799395
846099
275012
757004
18770
292117
15018
686531
550146
3375
86951
653344
532132
90219
807978
461683
441072
297087
100382
911228
623537
429352
747113
915661
721674
415741
71560
837155
785836
356769
268412
429203
903753
507440
84436
886855
981162
834296
214058
312597
729120
762016
862376
382006
368574
432659
676964
871127
108256
372563
235319
1636
22799
119168
916123
900605
180135
715835
92530
11513
920682
515092
308366
11668
754026
941461
142472
131253
519550
571934
10172
873934
274279
915464
735618
162408
449133
898940
594260
509708
35998
59715
631770
172784
243367
38881
854352
97794
336511
534954
412073
963833
188555
798994
22199
614334
955884
686634
407945
934400
694775
184985
288719
201952
72509
329336
995646
798848
942051
565293
499334
551666
360205
286497
282470
567735
188677
378412
605992
772145
206640
385182
593874
365167
937347
702050
49681
858422
942018
145651
220291
632975
609623
572519
662728
146972
427395
747598
565566
725394
953115
978915
186592
584385
602690
221137
716337
598905
607621
173810
109989
534000
825796
470767
474163
451099
721503
627652
860785
12686
803383
290303
525882
618985
741392
237361
251405
629543
103791
496970
949717
907953
820292
474155
916186
60699
838195
755302
423494
211668
462401
639595
525286
644557
71832
666306
513688
471704
375970
390282
7485
149984
185819
856979
124773
104729
386134
330665
229961
626754
593727
598384
149556
698204
389448
879254
452057
340241
744940
162128
602563
325947
914906
682007
901784
730801
63093
827660
94630
888063
189925
780126
174899
410595
825859
750369
184705
947744
975122
873578
564800
404419
777163
651126
297782
276124
241212
68655
846481
732066
618581
904551
126212
252032
227566
838818
493649
996956
881351
216498
944022
378618
756426
225294
786824
887729
986004
816575
414083
336362
206639
443053
734693
369252
403474
716306
873877
537090
342956
974957
972951
641001
417234
703568
855059
5813
827058
806160
77427
735354
928247
415968
766647
395146
605121
792819
884914
247048
993924
779086
570074
293181
577752
449268
108587
405747
870959
313685
772740
81479
95682
951345
119966
758844
672038
262314
963537
297985
992833
292838
975328
731105
766814
256878
408685
79452
348465
317758
218048
879720
969982
498866
879762
673607
168127
526487
997338
783043
264290
652207
431602
297532
109151
258527
682721
579970
708341
607086
455170
149807
236386
93221
155422
119044
871413
608709
209073
120142
154923
837399
350199
828882
467147
274803
174541
781577
899524
23140
971927
416513
364486
180367
649059
868565
874859
827381
235151
97062
520436
424642
453998
796968
376868
334529
768434
187547
964123
393594
129695
120471
966900
884002
313561
411765
31086
356106
359691
103570
49971
613914
328057
238510
155361
686782
510073
336209
258485
338782
213784
354460
489875
349241
537128
330520
860768
747089
253033
941018
976568
683787
197348
796582
179971
589559
882124
756264
363079
668618
801788
392094
397994
594233
430582
445620
385168
593908
611218
572406
5726
517213
163226
881669
762327
267034
984424
951390
223360
35852
754363
807895
97276
322458
76887
251726
157248
371889
321441
929740
177687
807522
281809
475156
540469
572086
106559
73707
984766
710399
891900
820757
951387
758414
319731
300642
785826
984524
293696
158188
905135
444635
989866
313777
444418
708577
90082
809039
51407
814560
38431
137564
33859
43162
232327
952232
972342
685335
786348
489288
704932
15873
445108
268638
658873
221497
213608
406140
175981
253953
617390
740021
679273
726203
214020
332183
400251
134510
149138
845379
964861
889789
233813
734429
928447
767553
126455
31148
139567
255256
318604
549501
479909
360599
951299
421021
509576
319292
124649
92610
523509
365902
842181
377709
851589
533971
218825
888592
623360
438770
750334
670161
340055
934548
303385
87497
76225
522773
924661
783522
900067
941397
331970
132341
685788
994142
591369
424732
34806
654012
943681
919747
366526
30361
152730
765770
467354
284192
944029
685609
62162
479187
123470
748597
387293
737543
740498
203326
150176
58682
346716
466147
10763
879051
829460
811833
870368
180492
335819
637885
13097
581567
503592
417462
186770
172595
249208
891147
112836
444078
244421
509999
246360
755186
699073
830822
816820
983099
810539
747801
631235
389005
862332
599726
84965
221240
789489
11289
373553
394638
981137
218144
617955
723040
544119
975029
608090
648721
17266
46763
153234
327451
492202
217191
897308
82734
594980
155276
707244
689509
961149
784579
7843
337054
546386
121276
91137
841839
624218
755076
863625
486217
674873
791504
123502
635395
337743
502470
807461
114711
876263
673373
23088
256175
428616
532027
559287
588841
2343
294988
734685
554858
709613
801600
752234
336031
717482
911291
31535
225692
579903
903541
582123
869883
71393
147195
147235
511694
489650
714839
812954
838980
785371
804377
662740
787571
52398
280090
165808
29863
866403
654011
86606
465396
39018
255771
870070
19089
759472
645431
384806
500290
403953
379657
993807
327219
403196
770244
245783
581940
375047
11702
85313
795769
440209
394635
402063
138444
744364
268905
563996
106650
788291
939741
893669
475578
376604
308876
428109
231707
249596
55367
343642
650379
917650
814098
129003
619044
239823
100276
346495
800825
318051
209976
654342
199638
206256
577413
285288
414263
66452
461925
665626
736030
599222
70841
361476
987781
396074
498318
352525
970803
244168
351656
251242
651253
646647
293526
609497
506831
407025
139332
128656
858592
594908
840140
77559
395139
326695
926382
906320
156812
132068
708948
211934
24694
562930
972135
835366
177858
104152
48403
672085
515903
875312
819837
529586
289411
554965
600145
808153
430108
21313
164077
654372
940159
77347
818915
83856
294235
236962
569550
267321
842415
751636
370600
712548
238637
820228
808594
116669
738663
753466
503826
867884
990768
285443
39301
92968
129608
956804
945058
553291
140271
286849
287955
336947
789928
21585
581229
225133
262069
589400
667365
298604
113897
72305
905605
805125
307277
468698
636527
224385
811906
830536
386563
841868
957930
931144
815392
83763
261453
19524
141106
906893
190827
465050
955204
487788
875898
53394
260604
642039
487949
523429
725948
136649
630775
592933
326016
828612
529188
865986
535850
246000
986450
27013
928091
747498
331046
594073
111582
236598
441578
805917
861260
134878
589163
425124
398336
35763
29243
526981
521467
601282
729810
937911
703748
432462
813105
559706
471594
798830
589151
757737
879787
385493
820635
679438
346287
424336
842110
539828
59900
915511
493752
982180
532359
914798
255044
429825
290704
111535
616593
394320
381919
835705
303574
177916
625839
968708
719048
188145
338812
345735
499555
174675
821886
158285
538762
760303
964809
638970
506016
190082
622660
252707
704451
583838
164172
593407
542460
836657
112360
573560
317565
137495
354289
460117
233396
971476
811586
708576
31406
707945
236326
532735
691354
465985
2054
126853
942019
175487
317054
676048
132944
85381
932306
769045
792477
869624
73648
158449
458358
198433
981909
318338
610828
369103
974049
595185
292640
144959
105302
50373
340366
939985
310142
469290
310692
686268
166538
484439
457722
967052
37513
646087
432
892631
57312
852420
486026
412032
452257
123566
580792
497440
92015
665902
456467
245766
958088
577158
532628
208598
164033
562515
971973
532146
77575
628636
767963
583098
57309
493003
97766
750376
581278
833011
737364
294916
355190
364799
701254
938182
592530
773486
952358
755387
296802
327222
201967
845203
944013
872120
142609
433848
847751
76411
413
125801
166484
542562
564524
604813
585666
111420
604847
405164
121561
262383
641226
946897
858821
85315
427329
108145
813227
834399
80212
316445
795072
866410
373394
483036
494262
552109
99390
879530
250228
17459
948424
985669
317067
410266
949867
300601
455149
374392
849971
102156
666991
398243
625772
95599
596208
18927
327860
291512
188820
52027
521935
886051
129775
43883
318570
30493
203297
686233
601500
264702
867738
742140
673140
595520
524268
679365
917865
105551
1897
814752
524266
123246
920385
25661
215245
860767
598137
195072
669033
106104
942463
516728
984515
465178
203102
981604
270063
76883
439720
996058
650117
73549
658885
719156
249561
46193
304133
51444
594963
457883
183991
258297
488197
888833
609008
207442
915617
824405
506425
165247
440983
635336
315744
755004
862785
289289
817031
900338
54953
251407
860624
788377
580374
263758
322805
498881
80269
286364
586217
308286
799862
542042
503095
288313
10345
640834
267225
426205
881653
86362
174366
771040
111387
779622
541454
563399
548600
908104
375135
28689
745140
975609
336048
167497
372862
926680
658314
2532
99794
185505
924910
377675
518625
288238
615995
4717
580597
450532
576007
764621
15836
766126
344743
430651
513509
601984
869481
231461
747698
425645
291919
125989
105001
628909
31160
261542
992078
514430
596901
850035
806856
859181
665648
861870
51090
219410
380662
723860
543334
993780
441878
3276
873084
598337
46795
821438
916261
587431
135917
470693
274908
536091
516065
358669
264534
415571
580729
11601
407917
417850
807398
141672
349775
353234
813867
23576
513011
859666
387501
669083
255924
736907
282010
269522
355998
965353
286422
582143
801484
929971
869592
658312
766944
626433
566324
939656
202138
25245
538674
706467
853777
310774
189785
417675
59708
591011
985775
945375
39217
234721
643343
77497
424923
259605
358696
851483
420502
333851
288899
714414
785183
718145
825659
421289
203112
643791
829124
299042
741383
206439
841913
397091
723838
345952
723478
148888
919295
874306
928085
386973
303912
420748
182556
680196
546700
719270
668283
514040
10187
202435
2470
553286
705025
372055
813818
919814
524345
731660
1984
72578
490420
140839
399480
473069
398744
797280
558740
359353
286061
234861
459937
648268
228016
11006
171049
551631
680780
532522
583612
832147
603163
921978
736729
153063
178811
95297
498694
902969
932267
772332
859715
317428
879814
362762
92251
605933
421186
234946
226080
362597
778495
198159
670465
555898
503862
128651
523534
339025
592464
684633
524533
521850
404946
679431
371594
294261
103627
236903
511062
499978
604429
121776
487592
411236
971500
324169
673068
350188
101478
18494
622532
585538
504077
390942
410546
188603
648465
114733
179952
757772
977943
151372
616118
323397
652280
294351
692086
896911
554067
173530
714092
973515
392813
122356
486749
503256
988904
219028
331448
527198
469264
332570
812254
597687
559084
871082
317659
519673
447535
483389
809786
404703
320915
24378
214964
864963
766763
518295
15294
567180
462247
977252
517561
536715
801253
201984
951338
838406
82855
454988
484838
209872
853120
43933
918624
562304
581872
784002
15259
179765
789405
580200
780225
209306
749110
799026
278994
54255
407989
802209
288763
170466
891685
76907
588548
144790
221754
612699
62556
669677
395222
497138
663145
662627
656675
550848
762666
385259
319134
594303
472613
230185
755481
338324
868821
125142
299560
741677
649889
511788
581973
321715
67825
473050
194937
38119
221851
450962
647
122841
778408
574154
364160
424836
45371
956054
115884
877218
836290
838389
996875
803321
572343
260822
923382
402704
501888
943072
470480
956308
763995
69421
820309
297502
