583652
870140
859243
797456
466048
190049
346467
964254
581214
362156
444511
392487
907419
436694
49879
929114
623931
881380
7506
460782
809891
318088
265020
596651
326408
798051
466714
377911
756169
256361
60467
555097
948678
359880
991777
900173
796800
467640
791644
659101
959280
156393
978576
477910
99799
537012
360769
597190
344689
173502
928158
21721
582326
727497
388897
595893
11596
759639
936952
852331
431951
781787
899210
644863
526345
532097
269536
772853
528583
875929
856243
735490
728905
356445
829929
887382
346934
424751
735478
650438
438296
977257
569955
3239
698339
356903
558049
45974
44509
630381
335923
718294
95687
870490
430782
789959
22576
965904
492870
915575
833851
393152
151960
522418
226861
248011
682420
48249
128612
780354
53878
442765
489561
966163
602548
130174
314967
177877
857002
364532
670358
46856
447844
577372
721887
563964
255274
649835
124410
380574
484243
28993
949744
952291
347852
205179
472623
903519
779630
696068
351800
901603
2787
697605
639501
995558
822273
209320
39311
796138
674563
719129
395464
225104
571809
155045
892232
694193
296353
591013
632642
680979
414445
623980
149870
840075
295081
912106
403881
351363
967169
751977
135717
117704
170926
952844
610415
535079
238082
411183
168222
566350
140748
673519
724881
654260
408434
471674
339420
820222
81775
489787
223342
507990
464806
116096
84741
895010
907922
392295
565601
188869
116076
129923
542081
977009
13403
290545
136125
152665
818024
508483
313982
70451
2677
483347
449970
497312
99024
28493
483756
499564
365298
831590
534441
733879
120018
95962
180463
160132
77019
494023
142328
148330
809195
943736
583336
337723
364260
25611
83476
455255
424565
334763
708782
768106
694826
234680
791762
457048
273788
102080
806177
952869
883667
43940
310115
463672
157817
627226
924098
851659
178719
279589
157238
365062
482473
555200
304315
80856
447182
837925
915332
894006
681280
979154
397506
665616
498863
854969
220273
131987
778865
70896
137743
75698
171081
493175
321468
211149
308830
771873
399271
560332
530672
596121
750480
771791
821206
251326
224041
502525
96629
239501
625132
943912
28089
145387
134769
870475
410249
444612
152558
516044
800071
786305
929457
374078
181049
894281
122952
613839
448615
219733
81404
513559
771879
888704
938641
108303
639456
590596
86315
911617
960820
335514
7998
631362
563413
172764
733060
446964
137239
893431
432893
663843
135856
382881
156350
939377
80448
994237
269071
757382
917468
361328
324240
386856
932653
607217
608587
699056
334094
450750
539022
755635
335812
299453
199342
444935
253158
145384
149669
939684
533622
210301
411874
52042
18598
127718
70054
106476
243521
787408
761909
785423
614656
401715
525457
932303
817194
413630
943722
227756
931248
391521
709357
724381
293739
494242
412463
982427
805559
976548
979286
859247
185347
907618
643734
451735
560037
380367
926418
563989
313508
605867
523527
387630
351927
483149
287418
345147
125823
584587
665103
62398
473205
110493
162605
805748
628389
890396
222964
362292
50802
98117
505092
212649
177974
124734
724169
353218
945259
309416
773977
874874
17243
755477
501084
9819
377740
262804
531439
767210
952127
71899
671826
243580
162584
658465
228014
390470
269267
2315
401184
650499
448825
424322
735504
679950
17536
966234
384163
327778
959582
704868
903546
155390
190984
184415
16226
607782
562298
331874
503401
947975
95997
532261
435988
384126
499481
918496
574484
502943
384698
776625
617991
206923
838912
914031
105519
581490
502995
44601
164304
890258
633670
371416
253675
882556
285166
578028
851131
658623
885636
261205
478642
732548
198506
465019
332838
807136
647245
164484
630521
930863
79355
699630
219385
116698
633615
23108
902004
633751
940784
879355
749710
836677
50174
97778
368997
834618
212065
945113
55398
924063
197265
649058
563948
712597
4303
903593
133426
302809
978412
656218
741058
904788
90478
978902
693554
382543
245447
520458
852990
30115
568579
260848
939360
579723
107703
221467
269637
501677
373577
441956
113186
120262
996626
951580
482533
687853
133121
806749
238075
878574
291788
410242
417036
244846
745234
979958
514818
58957
561967
529472
699241
254225
969498
362473
714082
388840
599126
609081
63766
656367
185094
261783
592073
758869
976344
684121
550824
72761
576766
896547
118185
845795
816003
789140
297489
309202
708892
115668
793617
282192
600044
591290
981444
175117
511691
52713
512777
2865
845270
96013
750002
457081
410453
119742
555178
818321
417204
812513
670923
222105
113662
304044
658576
20499
994483
265683
897170
853747
255818
734005
915456
207500
951741
368645
425310
719440
678744
451981
175956
633676
986041
308997
778563
536972
699985
866985
8002
233588
534866
722901
103587
701158
652926
413724
592138
181626
620881
578146
287397
284177
835269
786040
853792
293123
554956
835691
975631
145641
119214
143495
128892
625734
170281
798866
698762
55003
756369
449806
41948
476377
79064
942746
651634
316657
449975
562206
219402
110471
600705
401983
750612
400478
301111
322334
610047
658458
519357
323664
78105
596899
390314
384334
57811
659855
873128
544655
702830
420254
650065
540648
449251
665863
988356
817292
18081
753658
956133
129098
2251
624608
735295
81520
878409
138001
685266
877885
966876
677607
915414
509977
299596
121649
114679
371854
387151
688180
111184
638540
483889
978719
459232
190030
660789
837633
599979
187228
913798
678920
924439
321670
42723
670047
406913
308342
127893
36000
87416
134640
409365
599062
330155
144374
931804
154815
635803
795008
622711
996699
381161
279682
140963
945709
12417
933056
510461
374068
893858
938733
971565
319607
609497
524872
665187
300178
995506
820206
521141
88764
613693
947126
970824
490079
625562
842476
193402
173857
148670
157458
590854
218989
632414
228505
346726
337451
703648
681221
133471
187008
34165
523264
982622
171609
931126
57875
852623
460309
155706
373107
907698
957162
306575
609485
578847
291460
63069
37212
457019
918165
694043
225529
60516
576558
782027
385191
676744
548424
740729
997725
756571
81632
230645
655494
582135
283668
907031
242323
684381
615117
2548
934068
574777
945043
338404
840786
24701
446358
18658
159037
822256
868632
430975
692596
124414
835480
245335
99377
495033
514192
471617
648653
740641
729416
640289
10366
772762
166733
14735
217590
806171
816941
551283
884809
790813
604315
977721
715229
146509
328165
276104
205022
775497
148813
266128
849046
357912
639946
547603
560753
554874
761438
21012
507824
256587
361371
9461
969806
7234
249399
376644
632419
510333
976530
656936
430172
763504
213296
143914
828694
174936
568092
991720
244921
143860
763871
243536
572499
983997
587774
576513
567374
303200
215647
493337
652486
692555
990753
748677
231935
288877
212574
66763
789279
473454
926007
242404
865495
984992
858112
501201
842478
299688
563817
710831
900305
439951
467753
639458
389241
187718
365008
299890
280136
258408
870581
411820
882757
749090
616918
457212
687808
808762
91010
688324
660829
368670
593007
49844
880818
948230
795116
999640
845670
976072
155820
389580
597316
421016
194577
849756
79537
857444
845885
620952
57536
251165
701612
961106
537563
815346
70088
740620
764916
836818
619397
920652
496702
170674
384733
675716
299096
445033
309364
793463
97169
932786
939826
155498
123503
486766
373977
543191
155715
960620
646476
675871
295710
546511
137264
109783
834974
786098
257735
946993
623215
216736
559819
986247
918525
567266
628041
514301
355981
312637
249621
204307
924606
618811
509269
288831
163124
846822
479952
856527
589253
537595
52914
687966
889888
168410
566001
360669
922410
963371
464261
969788
505727
681048
531794
72167
786493
438510
786287
493178
308368
369414
782482
956966
306198
345567
210345
320412
920189
754007
350782
999665
362215
460228
694798
255985
872798
122270
139050
764429
866518
333984
639497
489871
597399
162990
187801
189843
858782
509700
353360
388109
601508
185603
837350
642910
434070
652704
696257
243784
720306
195591
40115
176079
86618
85577
307121
781622
29138
532262
422468
42477
463879
596484
399949
403691
960845
874535
685901
322213
776607
190814
921656
486746
81344
859056
386795
230344
310206
671274
427391
675788
124841
742018
83384
932320
309783
316666
491364
451743
596951
234121
504661
270902
985172
455264
303375
451434
821502
37940
343156
169366
674449
182902
775179
381577
704267
457374
457479
186622
499227
535380
554425
2969
965783
225987
703061
848570
360492
422758
977310
66394
780433
512449
347951
94545
894852
946069
17831
648591
471299
396298
133616
88707
429924
629694
67340
113359
316888
207961
744048
76981
33794
322658
250230
135103
673493
309708
423505
103359
542336
194623
451001
26039
400881
952343
911415
142792
644529
934372
678659
977728
669896
46012
986867
454041
229564
467519
677428
10416
630589
517040
617864
451005
144547
294776
196791
767644
378570
887906
668330
604958
642884
748236
983654
176485
368495
264231
882394
779624
488947
348408
70055
990004
895006
167931
408736
604353
107452
118560
355020
524408
29377
152240
368764
451936
993972
588328
234768
224172
561716
791226
584149
64880
917358
546704
995549
850341
331752
990422
394249
882607
955679
750710
130747
224508
212831
130852
234398
338991
142663
714347
362411
487191
751101
453279
473136
685111
709630
161909
956572
599543
626187
639187
545252
932818
111651
834053
446479
355944
277003
391603
180165
163549
764993
202355
497910
424106
394843
999572
323935
370006
443794
447522
942656
787242
290642
176397
713833
966362
843288
293043
34424
505493
254531
808871
854768
371680
367345
37340
323060
977875
558742
786549
892885
428275
885480
840076
712659
250482
390551
702594
930938
536155
508034
189011
910514
711881
977257
208256
702133
664061
547098
708663
11085
469630
665258
485320
863013
535295
77885
707585
622528
664055
713171
930030
105014
258505
97506
971016
719283
632453
633596
244765
988895
282648
119932
441552
287096
109306
693735
729042
314952
116299
561216
231209
860065
819430
135289
917233
686425
849493
693527
728595
215159
97764
301954
145407
12860
511745
618610
458841
944519
289572
339639
923679
569677
736695
628261
725768
104815
804832
506657
451210
281044
904899
736457
822479
997352
92609
712854
96277
874640
609762
358997
677720
135775
597600
878195
744163
864981
674148
461002
316561
937488
339346
506122
735132
374082
558367
114320
177046
761647
60946
306124
335487
449927
279402
102829
402072
431877
38753
551135
695671
10448
521712
965558
281712
970020
448025
315757
629550
108224
765972
913102
642623
633538
418498
991192
783867
787643
475673
878846
806661
427152
344314
682886
515508
273053
127876
583030
180992
488386
812874
297137
261291
789590
443021
280895
488540
87144
182870
137421
422607
986152
341610
67272
66203
877838
274436
807782
977327
74632
607910
122039
956079
656156
909544
857660
864000
938640
98140
232329
200574
824059
757241
106566
336495
636070
928757
871734
545721
256056
400541
308226
673060
7796
62821
101357
8881
810086
540563
5067
253622
569302
538543
619598
863060
454562
162655
949859
955052
525102
273206
826609
313900
140896
467849
126075
488341
845780
152873
929625
988482
484861
204320
373709
361767
474830
69454
309755
171334
542444
885833
791927
991835
147006
540225
108631
120424
608955
196883
464787
527894
540414
509567
579858
904140
583328
506926
706020
203468
124346
558428
897662
891791
722916
966470
233365
93763
502523
374063
133816
258976
759666
587297
17185
504547
643731
954232
354828
170958
499140
399771
284025
479337
398535
238906
188869
67649
391369
18059
701224
254479
566999
988466
481771
206732
476365
110865
623303
395418
140166
404792
75059
376486
248076
688686
476375
75510
267174
764797
686012
706236
655256
312057
112232
689803
102562
379732
428411
964184
129954
577348
308098
508498
874933
877197
604752
703886
980887
742554
275030
392752
924250
123840
792242
28860
22172
364445
848467
911220
578494
269641
901550
18505
608718
770476
766982
335309
502099
781229
944820
87855
289551
52116
952292
175921
461006
238944
431273
150361
498013
111019
658490
234561
119783
832593
679149
949560
471751
32490
693861
173569
511364
393135
705925
970908
487248
641901
75739
842676
838235
331071
183268
926226
144652
890041
366864
371712
642128
967866
487741
382725
216588
318232
72430
918127
250500
943355
924199
280868
694205
62444
880113
872879
673534
917066
73353
722828
349980
813642
225493
172460
315077
334243
841631
104012
778832
421263
465607
70088
506016
476094
843846
602738
911869
180443
269972
906780
105225
500884
230410
873350
4464
509471
25247
666835
700204
166235
749941
152961
810429
453935
618113
179597
694269
690230
749046
397686
683075
993819
598534
927945
365820
7410
135796
775265
798401
221253
389493
820418
354233
945776
841934
671734
883795
973386
876429
398282
461073
14402
550356
18597
297122
462932
76192
291865
380140
108152
637892
651807
156143
731638
693404
424437
630457
733013
50774
326578
212589
86119
901161
59315
624450
947975
341632
471897
765434
712786
411119
319856
679602
811670
689965
664490
683452
45530
172481
163415
619585
28340
663196
737034
263908
571200
681232
840829
903426
191121
504257
587887
913959
366307
410377
836509
959370
994475
735003
579216
120454
884465
797682
165295
345012
462944
5362
689436
755089
808633
200833
547147
820050
336802
504013
254241
110995
902339
1639
967984
651938
273019
412419
627063
201925
4652
328971
722583
838970
670563
498874
524498
405817
803090
529387
705475
457474
616325
469499
926042
766807
451934
733294
903312
155362
482158
680406
458097
284040
111258
653448
405170
265327
180208
118093
786003
654708
234067
452906
179995
813444
211316
437454
638683
968019
320891
487658
352531
250005
213458
34349
105980
959080
259855
471130
786793
211891
425488
978005
773435
342927
359868
483843
522430
305933
134707
48012
440267
653265
75490
72269
508271
852507
427305
210983
908141
755641
276466
632966
837186
586752
49090
306371
791454
596434
20374
182303
987351
84817
301931
349468
225164
463149
528623
504867
778042
819785
314580
827278
990210
834318
558681
232842
460120
509416
333209
528436
54631
948210
943340
343856
304615
615555
97615
168804
1961
112815
7039
624604
263532
609105
297538
781671
512354
779905
137162
12761
23528
246138
247143
689923
244681
202423
833029
311629
212856
354349
493273
28964
435815
367589
998549
769465
496203
852532
71661
900644
7567
927903
680347
584918
128189
163890
109605
668674
383047
598235
330515
130204
678663
93045
513406
706020
844436
520104
169945
807467
266876
791061
276349
280383
192785
862861
884931
202515
619690
653698
141553
231503
603028
945251
952566
141895
978383
106145
300271
941012
352244
268263
114304
909244
707439
947439
481733
122978
362766
653173
991524
842721
385465
81201
430689
130290
415205
582931
862172
688848
365659
986554
159659
325743
575230
314913
750212
162575
148646
521723
65103
733741
317053
426065
943435
82201
922516
738092
838371
136373
405745
212782
842668
805653
218707
151586
617610
138943
94710
758692
335673
908743
661993
832213
911434
861303
599114
545481
452646
110038
711008
610446
930081
71424
554848
678156
785591
679157
253239
84935
452604
632288
897059
491705
724179
296557
177336
39942
332222
591568
737276
279163
683162
566046
106575
694460
855654
682207
329927
324293
359751
560211
108970
736419
165001
467662
260072
507159
904013
5944
828067
579948
46996
480864
58947
416107
281888
267235
748844
839507
415229
953062
207064
852667
856794
714011
484115
307789
223713
378302
200675
623150
214325
285756
348037
150794
570827
756294
269341
301796
640350
422895
856160
802621
671293
217756
851067
644747
361946
268454
234004
320486
977221
436922
537350
264099
15530
556132
542153
525006
732623
15421
244166
908187
205073
120936
654001
675642
620150
782948
882516
83402
974302
769347
38535
521165
750182
53034
685171
813057
277213
137696
646613
926118
758137
60767
554845
586304
127868
90207
511243
18618
880178
285001
682168
915093
32309
260882
725984
317558
36447
258967
898471
722306
320692
347989
676287
328269
842725
266222
300258
585406
419607
101837
655883
909981
181903
749489
329938
860266
572749
950210
635999
499100
710243
813522
32173
689849
491831
998229
824199
234615
181718
802606
143582
791902
851873
112232
809381
631460
105899
952109
40723
46215
430450
593732
752421
432731
200766
798975
99566
642853
824504
181130
885068
463007
446857
507588
713259
589841
350498
292036
874377
867293
547873
467897
266959
778399
384959
563935
926743
916851
717193
506623
972018
257519
509052
652090
205381
274064
286287
26813
222460
766810
276400
306728
847215
163659
796160
477687
404932
777208
106742
203556
841235
565457
106445
456616
408278
659004
480140
585232
312355
302620
722265
634505
720307
640198
863000
462974
107298
188744
12983
614628
880800
454124
431669
316598
748481
206983
198144
874276
278712
723354
468373
241893
27622
35246
715351
782671
357892
127760
507784
245502
356346
583868
372666
599429
763824
150334
645388
526522
442077
40425
516126
649485
389031
202594
405308
264812
172013
243506
81468
533593
704774
607969
181917
317151
684248
820521
347967
377126
160198
605932
38843
179622
776596
772194
172491
901954
825040
826819
541228
597256
311784
835016
72435
254587
404549
158345
914495
467155
759373
126508
111877
244591
135905
71283
918444
325846
969627
88065
910392
535113
826986
107691
699565
133111
359041
279338
481424
750707
204856
539249
91591
293984
757832
592748
943410
982530
508268
498507
157115
378081
471785
23990
98795
377762
986825
50328
443752
774998
92661
893257
529804
113862
941184
601290
906546
793989
214834
731249
776077
97729
794605
818589
233072
498308
57282
316055
76788
416430
187054
574735
353245
702116
978066
108944
822469
517238
269614
272102
921197
229979
276796
695322
911337
414995
405157
582638
496224
937980
531713
150167
848181
763542
164431
99387
514840
265795
698952
821237
863260
395302
378483
217067
563810
311461
966187
621587
741344
87928
685576
68306
178442
400190
269963
974498
995723
778545
216355
830479
673773
396585
250580
672830
762121
365553
651630
947963
544391
172979
202926
194918
277021
930032
100240
77441
461335
898881
924484
54105
937405
598653
681872
434290
160043
695915
131884
674109
686855
750787
372339
583143
635424
640915
427767
914774
676295
549009
210636
578867
145765
744271
525458
169283
257922
54418
201909
960764
688821
547570
243808
679363
719420
107394
999543
136149
262971
217947
633505
233930
471954
764855
571752
157869
66009
247769
192775
423383
975817
177426
36125
583782
883802
554995
486197
305915
917251
834625
520363
717626
66459
817699
103196
949452
198248
432657
893662
27592
179366
521390
787351
478767
250104
669241
753889
24240
813405
839201
946765
989116
522135
169578
53583
407740
541578
157654
950682
749838
418553
387673
392656
194990
145801
814768
676758
963472
444623
558552
77056
947051
935792
742493
950038
190217
414249
180517
968040
45951
285629
170893
632114
40184
49239
518282
971659
147558
429225
872420
120952
574584
869873
465933
705856
570681
271041
624734
271612
245424
169598
686393
763912
828928
174011
680814
142942
694206
411199
281936
414228
533873
16209
75878
161135
673296
3990
462279
866785
928441
444317
259159
247224
936643
681164
685765
799390
871987
263951
192872
122503
152646
336895
775144
248227
258063
82924
309038
194951
515620
245688
531866
773983
72201
984988
453386
445945
457251
455913
711057
476796
237237
268336
345411
682679
262197
829971
55559
399961
624779
440505
418732
885600
805980
549905
931412
818112
206950
734610
899061
901540
656163
393599
12363
202376
387229
99195
562180
890612
614050
785087
304342
846105
802710
483911
886195
302787
379972
220737
552779
778653
777288
256732
965609
415547
869989
710025
123881
890252
191252
847592
18255
896185
714424
613558
881426
742865
948446
993629
179529
461794
160139
443794
35679
239286
821508
108495
601564
111236
92360
746678
527957
256932
753174
407920
79527
458285
839712
35822
759888
674474
42620
559643
315285
909721
831966
264072
27383
925549
381554
492008
801505
948817
956658
892991
347961
851890
482089
91663
945613
957995
191803
432825
7339
410854
631750
127713
495873
515339
808267
826846
817218
380611
105234
141335
606132
444791
186236
932107
555974
701068
432306
857744
72039
940440
771143
711486
390666
804966
563910
988902
145504
951519
545934
376951
778869
531584
79342
502202
905036
333241
879550
673602
555844
112659
459431
298352
674644
755512
688616
462571
709728
82244
108478
183814
877766
620744
705576
784259
885971
643437
502552
24635
493598
895297
198534
654986
474702
345338
638258
946471
627385
554826
497901
417882
103045
705966
182586
740299
179676
989828
256588
304217
457370
394550
921667
489011
868362
147628
691444
361383
836984
211138
771249
948757
728215
97429
959996
476298
978500
573291
855116
762265
122241
295277
943408
357415
867832
64182
515477
950141
328136
983337
974607
288925
975143
605933
135296
332881
352726
593036
281136
498259
209609
473484
353224
99763
208547
244509
449455
913274
235638
547325
238700
739368
272896
625044
425237
299951
828113
897425
551795
568371
107502
924288
638382
667848
843307
662029
127461
702722
405672
621583
648777
709550
846600
80877
418829
552309
825717
751616
247699
38121
285261
356076
133326
266003
832441
909482
485705
812073
590074
614587
725657
343513
286595
716182
101304
660511
455047
190256
983025
876036
782338
183121
356018
280417
594778
507954
791188
506199
398850
959799
220732
910657
909411
582948
815420
810314
31843
438823
427487
651287
561073
215548
857909
862998
579370
493499
623911
374664
160435
77023
455005
167522
676927
997237
223244
524688
988590
378724
202264
153708
378638
358919
674899
175604
113282
527709
343603
232199
508164
122124
946736
781160
476799
782835
852362
855112
515617
796442
895733
205277
672375
552240
189263
468046
535710
303101
11200
665912
739976
131368
611069
547751
862959
846705
721297
824186
556836
147488
539629
427569
714081
274124
553423
16980
345690
156430
568793
331202
674101
988553
179001
902591
768961
49596
999049
770526
777166
495013
341600
806900
31113
402170
363219
643660
970157
362763
632922
872197
336859
864322
8898
976528
277939
779564
964349
480883
427906
164993
960778
286370
692526
295208
494779
41300
460464
15246
328224
719620
62028
990216
224408
239913
417452
234455
226234
431651
330169
891241
612653
85650
703231
419347
452216
200489
330740
523922
779707
131705
868512
792286
503032
46679
332558
147666
556077
267176
603580
15732
722030
972295
448250
783300
477890
847205
511756
920852
347335
535099
999410
120295
384957
304789
921036
965209
115430
56133
756024
90930
975834
985461
642672
635375
853068
243118
837562
231855
918541
224676
429597
624344
847408
441172
42123
721090
422020
547472
916730
465939
145870
855756
477285
222087
522980
421182
602089
366692
470302
465235
968779
353002
985236
345810
333982
896670
557222
14573
29020
649654
830166
542874
281151
596545
219170
841747
640820
686445
885771
591718
782652
102238
939056
465852
927879
533762
953094
684193
558739
749225
288878
123069
192714
179282
775345
498362
701486
619529
62524
61362
655009
38137
665172
901956
752635
720631
266171
753411
790376
584356
627942
750445
248107
361612
157721
502877
261787
115388
901931
223894
42338
845868
295865
569738
138191
162824
957556
560956
620480
278082
387218
142272
299800
54144
998514
110681
259943
946353
288518
28965
891391
563945
54025
126608
923573
900620
29679
672122
1809
818276
654823
463747
691503
540081
594942
220000
819467
894714
317677
862005
222702
201452
581590
599133
844421
258655
459368
774476
540072
675287
892994
287124
242368
107052
616012
545498
44907
262619
924942
336392
130720
206680
887593
864919
796395
654950
952139
258905
684919
500509
413798
870813
963108
372436
753746
679477
982084
433281
897954
289795
962836
672681
103657
433800
256519
471983
97921
723300
950944
269387
231382
547840
436820
661842
645398
145109
974797
925507
605392
358741
839187
743124
383214
255830
351111
950196
2939
559411
471877
710194
57022
925979
508178
949943
154420
743756
660690
851663
471636
447229
938077
360884
100256
165707
703039
825355
99144
108913
740917
593171
562168
920690
278247
217744
203731
10038
307202
313987
764638
781114
525432
33573
380078
480116
162708
345907
566300
715491
554359
975437
160007
540046
335542
272540
141380
268616
52042
740055
423661
214412
197695
281250
216045
545454
724504
575188
538122
675152
538653
76256
902622
667643
739797
883792
612379
755707
919750
172905
804899
453594
511165
346732
734686
373311
19726
165114
222923
943180
882526
593973
133996
594370
445739
1764
916600
787818
952418
40138
126995
423658
139593
170015
671515
392432
431380
646419
282115
566985
155646
940794
825563
455653
426634
181023
440158
493645
978253
656649
418033
420097
584150
596088
464282
724092
211471
733662
446393
650974
456909
404005
96789
22425
298755
297371
87571
779333
428826
756075
792086
518479
751191
374237
466267
255441
174064
311806
26731
382144
912495
562562
95257
447759
715296
425533
366819
64106
693555
662720
298983
965668
291239
182110
851808
957936
858401
151800
304214
365463
987392
559377
982406
65633
304965
957410
735516
372606
631771
362484
543567
81475
647607
670095
534667
112393
216101
235938
550867
677538
999952
231973
943232
402140
302268
533198
603178
452806
784311
61402
21329
489193
458885
546956
682296
273661
60243
167829
623176
748421
24371
849689
650113
298138
627902
641000
645489
301485
763296
191338
90234
678004
427987
294192
570855
899189
23848
502462
254693
750846
67755
475519
252376
271556
841810
456755
398518
209526
869395
363875
613550
22003
213703
34969
801856
74328
394026
775939
705073
108604
364474
297404
613918
449233
968268
477483
296846
189347
992070
102627
189060
368594
314549
279739
382515
399522
63556
264027
395575
746031
212660
922739
8961
107520
834394
652508
354232
28516
964556
644887
7102
583688
896264
528338
866741
785758
320453
5794
31316
370795
305611
909227
500651
875962
643252
219384
173868
171729
963619
234086
184994
919790
85077
953661
688446
545789
352325
774873
48486
453367
776805
647368
749527
536849
663205
517429
872655
556257
755808
852016
792884
899343
291830
273986
637871
985304
70163
182451
533043
499472
893134
607110
226690
978357
491740
735361
16658
581859
154946
678171
780890
703980
215554
741231
737190
15476
556115
908626
496364
905805
955738
843169
596712
632456
868399
476907
118114
93388
230861
872088
322030
242866
923248
56616
25039
205010
291813
335903
943728
120049
279651
5919
947354
307304
393591
499585
999812
727583
463440
709516
662842
23220
810920
447302
287686
825525
888723
40568
983006
970862
676767
609469
634042
646965
544719
650274
116206
132262
432149
146397
152765
169669
575157
691114
331447
387650
108911
319141
651202
96766
67881
279937
503212
271112
573569
87556
474115
824553
707780
445903
103077
571588
703989
498232
215906
960695
786186
421212
756875
551659
601078
72084
582445
840870
966328
588722
908877
6293
347068
823316
937857
67708
468905
637723
205447
608522
396588
369264
93172
729443
359652
400889
298982
157001
352514
212855
312575
694938
662381
368678
332999
88703
763248
316622
71094
532342
483413
259674
616374
99929
632898
955832
942059
16436
748756
784530
494193
64969
435546
144464
281137
692096
741963
670892
511059
311482
536164
792577
103194
172901
825829
894770
871349
430592
605314
92621
465885
472857
967077
667009
310772
511612
347367
232804
476927
873087
48083
132424
726715
488905
294494
885921
577384
280417
876534
500706
847021
622519
401910
854868
331118
373729
502525
447541
980931
606228
177536
663118
522175
462867
306361
200844
221334
532717
981630
401567
927347
29000
826091
327987
414043
908567
732380
107292
498880
673760
591731
591016
923197
74133
467934
193026
895043
608008
418289
488866
402855
236377
862211
854663
748253
648295
692779
532849
379760
6910
364143
454635
323659
304435
257465
209897
688156
73104
90886
751392
928743
34629
943341
401539
744810
71862
440404
754363
278568
115137
565280
793390
867265
924758
894919
395174
622833
816507
682138
52500
324232
281346
484015
626014
195052
289614
792744
834286
523613
289219
198642
734102
806108
583878
700337
147483
919714
833535
334890
148663
61542
860389
313503
789275
632298
756729
271784
271474
271897
132955
971281
72120
578562
350383
687858
5400
273061
414065
380254
253302
176018
207333
59640
229362
283925
721982
664520
166991
402760
879524
331857
111705
981985
68647
981606
895409
465619
805008
713505
385260
730908
594368
60473
154959
999208
684285
212249
105854
17830
299370
386385
931848
568713
123842
347847
299520
834429
174202
177385
14310
272173
868073
601936
442478
882361
5440
948274
822213
378121
666058
277971
815311
904492
524453
991628
123250
55103
615981
171697
370692
653191
13589
972688
546244
31777
311734
504432
800737
475238
106255
640820
606822
77303
173746
195043
775287
786445
939081
831900
142608
778726
610960
795493
588137
327611
497928
176629
159695
80118
140067
263415
720393
263630
67939
155269
561177
425998
669895
340355
769973
326943
698407
379912
929389
805746
23767
275438
775442
989021
727540
546350
786721
997056
654239
503304
808115
792557
838484
395969
272862
957435
92185
921256
735686
726917
707166
277990
354177
861611
288964
929038
919224
141765
394948
874087
291097
46669
963899
396152
190391
296832
324982
856021
254622
201231
612297
865921
346112
587965
408981
872758
437075
367906
9766
340061
557749
760875
21857
891955
911117
666974
473013
343038
36723
9955
575657
649087
619779
682754
274864
476825
374615
806173
298401
575768
101057
472897
156106
816009
407367
516011
264729
177198
962801
403519
427578
575512
479363
180128
455600
161585
565035
926442
332640
416372
130550
828697
997549
965700
296647
408380
521492
386929
182405
855121
383895
209257
843995
546244
94392
234992
425597
766286
298830
102656
74754
481806
268024
533407
203566
305805
764917
111625
235658
161494
987191
445682
736937
998573
372839
580423
721908
195928
302206
28322
346682
860767
151449
584133
86519
224270
629003
989679
227902
997657
192243
385113
934993
430700
630539
285284
618890
157344
836302
228351
561068
466584
430927
562354
946081
768185
744987
412808
281530
500796
382143
559459
934261
210338
49120
948591
43643
639324
68545
243136
812695
45860
134210
362030
818177
261314
568321
475190
221318
546842
151327
322769
88723
362288
115696
315294
174624
767278
137182
601058
649404
667701
713852
744942
83980
231297
8271
738297
266547
323551
182160
32249
964526
724559
635407
970115
727878
900798
922550
661599
857097
216149
875455
890369
342044
386183
870864
660943
835875
367486
288148
42146
153200
989068
716909
897022
821950
891065
749723
569316
339051
617904
449260
416560
608849
495745
500161
580286
145719
493061
615309
181665
300221
137716
68002
66663
906036
44865
890703
10714
958214
776598
19533
263773
184831
824803
826819
923940
947036
867549
899647
851680
115189
496152
233285
373310
100311
350565
564096
730490
312555
86742
332791
684514
884646
317181
163377
768834
814540
927514
42016
448245
277360
572800
315263
714924
565326
254766
107936
280678
621779
194694
518235
704858
674823
332283
899158
590309
666973
853475
830128
39042
205678
785536
539840
182415
341697
295124
713813
499004
763037
255826
243402
471663
823331
819700
257212
840907
538611
510611
893033
691224
923634
356039
232865
320033
701661
543585
956879
669739
633195
641497
799303
374012
366146
473784
286146
932140
312630
418886
718874
890212
895776
868384
732946
62193
92189
411691
703294
700013
936267
593867
886014
187296
206399
364268
727934
707302
787352
265369
293311
486624
168927
16175
952697
803943
296090
575774
179273
86802
337573
846821
948837
905273
18508
318789
367226
798743
393868
848002
75321
635121
618145
200210
248960
243872
866854
829264
45252
664137
742767
252199
323236
745873
512948
130051
991897
254728
494006
659893
566625
465708
849764
844381
521922
78726
10532
365039
730877
104619
935644
360744
528166
883509
180326
79177
565189
60349
937512
58212
183235
286372
440005
62740
343787
162817
669837
39953
522129
421613
780011
586937
119744
218595
385110
297575
226350
571187
927467
266580
607388
774227
201420
448455
739378
803855
592308
418276
215678
949731
999919
647716
121810
361751
866408
213713
921142
335216
119338
816487
856073
875395
115502
788461
826041
387326
629585
373632
650336
193806
976434
922715
685574
409269
704405
822267
615757
61095
102972
668338
962536
200407
863307
621821
698427
322399
758839
308871
727639
962531
861944
92432
585968
625376
813035
762604
287878
163436
359041
778917
855499
309931
305888
203971
23138
321682
286487
485926
604599
883855
866501
292552
134895
919616
194303
665610
312416
436261
8038
243866
643978
943281
133601
660268
415881
484216
706216
757295
160171
713422
308686
157431
324236
472449
70240
314849
624583
571110
55886
934280
770780
676350
79733
571170
665853
593444
78925
82609
796858
908274
901733
632385
243508
434984
118972
63375
370353
933294
767942
679072
153046
283058
915675
55567
494179
857921
962902
763649
534474
728898
174048
649556
21944
601758
821083
384288
989377
58269
924095
409958
757745
320349
612444
440260
539005
490181
650299
1021
137712
531006
340330
100648
297794
495279
650110
524268
996014
151006
491838
30303
348201
92269
410792
496337
810349
384516
258276
544692
591409
311808
593673
85639
448991
106633
363448
621913
388218
900594
459137
266336
928070
537910
370322
491374
4924
644772
617817
963284
773362
419091
290336
907308
93176
242435
795076
320775
704577
22289
98651
154913
6627
756273
674578
297412
193614
457611
676017
652031
169394
431450
827801
169584
231075
769527
626129
190023
204332
161205
803472
326728
754102
823493
757176
909876
559905
982163
783570
906021
534019
52964
82574
339752
541199
963293
214877
62055
48713
498377
755712
495938
721933
894164
815033
658465
416776
583361
690867
555511
922585
280495
494078
578725
222958
760913
562631
935494
83469
481742
791131
942873
838155
379653
843157
836183
817183
424627
340855
52418
590348
372908
954418
758675
868726
241405
40032
918640
434714
82533
162940
822934
389952
378172
623904
100181
962255
332413
937634
177541
264529
564799
120006
700412
498287
693311
626103
25296
939748
481641
504168
18882
973255
959097
515709
797382
151815
426204
387456
379779
404489
864426
801940
960171
297984
101535
192857
593425
728647
553579
672485
385729
65879
780586
945395
585063
755532
789843
245796
634954
751023
460174
937192
726802
127882
682848
604797
766026
981140
920656
566921
211586
359221
705558
31037
353941
15479
863864
22670
442571
818261
579690
15828
577003
635405
193615
574645
23076
303520
912171
293588
270625
762355
653046
70494
838192
669458
901800
348045
444679
113718
709793
348685
271006
149568
544035
712647
772383
817053
53129
591865
536595
779350
85772
293374
471740
721899
75439
677303
524277
428372
295387
478915
478455
459994
456784
