680776
662262
679755
918781
54344
423218
3678
800809
486333
226343
175277
352363
656813
258302
750177
453190
682755
118101
935236
748001
483712
63417
921558
570374
94580
619874
20883
859411
810221
564533
245990
224901
196577
496582
25802
304048
652931
260460
473317
518576
245277
561679
987448
211672
404818
493796
547141
987026
808625
102902
866301
447915
540243
239817
984885
689886
361780
278233
458519
994376
822917
927406
891234
597710
296747
873564
976848
729070
673420
27097
88754
121242
975881
195078
934466
695930
96423
689886
924157
13655
784589
884922
315162
360674
73350
142861
711888
371648
803038
791393
698478
93634
696930
293396
837215
372509
119160
221076
881540
704149
49976
835321
953781
400534
728224
517070
629419
467609
967966
653123
228761
658306
440909
934985
325854
868871
975272
579927
523086
5413
117862
45121
642831
512874
225586
167332
232351
63954
11932
923472
757091
366544
673427
963369
297211
274527
727842
838568
871569
204899
161226
529648
830793
489464
511854
624079
881568
367425
80543
25509
218667
237458
618663
411715
933957
533440
642492
929488
263298
287669
612170
860063
368479
22850
396333
958793
67766
591050
985117
993599
561874
598973
747720
490211
203207
808394
338428
839159
455274
669675
643871
657861
896314
446226
892996
115079
541728
453065
899259
450956
217788
827399
960375
783892
165141
917051
670860
554236
52620
481885
293527
689595
146320
273998
111630
158056
722254
361058
695442
571664
825941
985471
496487
354318
501771
249263
650921
903369
216989
323932
656879
907332
28529
493688
879391
270933
150669
425487
443474
462457
315093
280590
491165
24653
855511
396674
678211
180718
425089
971184
62546
994553
507931
198880
611654
565363
149187
353376
981736
25772
773455
619697
114835
820261
325701
458423
480230
242170
707118
894399
357813
51039
322548
758057
19278
808487
50364
267473
61100
384667
823747
589191
821811
738379
490979
369419
61964
372718
991237
685340
989628
467816
394062
736206
264034
161481
422236
232796
475461
417874
66582
672683
44927
183662
671895
838270
211747
288662
820146
175420
102955
683782
204246
479044
272520
736710
240385
704246
896166
928478
691129
769805
542827
370844
702745
871696
784915
188986
576764
430214
572070
797429
409149
170278
170008
727262
582551
307065
921927
444763
687121
177478
123033
466117
540749
376741
592538
380148
608886
535309
802729
520954
273887
919798
388435
229561
31811
233054
539482
209645
911743
741305
283791
837493
764466
361462
492935
925442
363191
396587
911552
212000
787954
888750
907428
423205
251303
368393
826734
188608
344830
760822
372015
243527
232798
995277
722023
266218
303693
928734
809058
339575
870327
59315
539481
955453
165524
539960
856960
116531
94660
369367
331180
759916
635890
570869
138356
631523
157233
202792
938860
521968
784248
199970
82381
994183
703413
167799
432020
205242
903567
157010
190813
463459
26679
129375
492172
628970
143530
45604
149251
254202
490395
838264
643513
306423
953625
865100
266179
12548
813452
397757
96981
128153
421249
39108
14277
785861
978337
626030
826257
432954
273274
228988
615921
637962
354693
522644
253701
674233
413119
464135
879003
902076
909906
382162
776541
896118
944364
742182
898627
859530
670012
898424
840473
867137
766868
792255
439979
472555
254802
939351
883387
662550
434346
345823
83626
404970
453370
759855
745870
296766
449827
553486
97410
300698
643634
507336
920535
633984
242190
517635
374283
911431
742843
499670
272520
721499
958927
604211
976191
727270
453813
100465
538366
905894
199833
456002
256537
238933
50689
918748
758073
976108
488704
962343
143635
213410
40956
769609
222614
437881
478383
512037
338446
665809
779923
414817
790527
308039
793157
812951
535946
401817
451535
624188
855131
853709
172276
64610
704772
9170
89794
148350
115820
26978
385492
893848
157404
586556
705727
797581
884619
849851
10256
508800
690757
883667
594386
855514
714265
55977
838875
550415
244277
901437
335586
907893
185100
503107
633395
340677
624168
821658
403667
558042
519447
536643
641445
150249
866290
121299
422201
763052
853094
579881
922719
348582
444301
401614
432930
455305
227614
721936
809036
601621
52665
938510
17021
956659
779182
304391
114771
586437
429279
867673
747203
22238
628147
820020
288340
680658
955108
381120
346927
504919
432904
874576
377556
66462
842791
922894
454012
756134
802172
630340
826566
326285
36980
186936
196750
196454
857067
855558
439225
526007
707566
881143
751949
714341
174611
869616
943372
603242
984082
409542
991086
578069
553032
290133
473270
969976
111238
572989
123367
409159
854769
396983
923291
362619
445038
833700
416087
67235
628800
564380
948784
703724
390510
869555
310269
986820
821725
791931
855183
424947
463920
479185
793475
284083
607969
924997
112061
169277
23082
684768
529484
383820
582978
860369
85638
110445
303937
668942
488864
459736
373743
949424
748230
622616
285173
560599
375504
132025
358304
132190
872918
191581
180246
797951
208547
14234
900327
819211
106208
487521
753302
572188
90236
836566
968347
236767
272228
363544
158325
987797
861169
125370
869431
583450
54589
720260
644698
595466
681419
776739
861213
188229
762786
874947
388949
415317
54737
122305
646942
261671
900058
931305
456903
476246
512
886020
333616
39550
498044
577995
653768
215476
509110
552580
680085
531504
171081
494927
381554
614644
869111
792345
193770
138852
661805
829062
178774
103451
352184
907973
306676
13978
462655
747688
465155
763674
817225
572267
561965
515996
775787
696977
912069
338041
734713
445728
160431
933665
773500
375269
94873
615986
769226
280872
614980
873275
799730
61222
324634
500789
91783
743336
416866
904063
357672
809694
281192
424570
480443
329547
760240
538721
768963
463335
644914
446740
82175
762888
94232
646686
853672
133051
573141
977332
554865
656004
71718
62468
390127
943116
345383
173002
102187
823358
140186
559702
633143
859579
345038
627722
980035
285385
498690
73549
766685
266088
702451
423803
858068
634381
418760
395118
589656
890768
673643
307632
292515
883293
562516
556790
637840
916588
480943
724043
752311
319744
48985
465330
60984
225343
657744
767261
957433
57711
617305
189549
549884
30115
180051
181678
146046
20644
891970
615466
935264
804498
145832
824986
938754
459873
484863
845571
384901
795969
583037
813940
970454
474800
282880
791501
226957
401167
405088
885816
976589
373465
737140
316760
805397
381921
911460
37229
123909
630776
326388
56587
609691
336222
322216
266136
702877
771384
40426
813918
375588
146527
529745
317111
28472
286224
825152
857439
671693
779375
305133
43741
314951
342278
632161
240935
285957
954193
680423
151544
848547
568382
136701
100420
226161
520103
171437
994847
679125
288349
150715
234386
421689
91954
350792
984218
394701
822480
560323
889819
133816
525731
707562
654588
797382
883793
478224
659671
724566
708228
223165
375468
712054
185981
88038
600316
181680
242238
228332
637087
223571
336881
997028
590583
552203
331
553241
313657
150524
56368
