169285
155447
290980
254715
630236
525568
377257
737026
279116
934745
734060
49132
697387
52490
545195
943561
449891
405650
731193
552836
188494
524881
940639
111555
293428
539796
213623
491908
621750
992747
248719
262148
855874
426571
947942
795043
22514
58813
604988
400465
80410
950456
57734
690420
431204
566242
434598
807830
672329
322848
768457
628420
505747
684345
800517
631747
27684
32705
153140
43457
5779
465800
434287
556121
791956
716449
631975
429239
475652
314546
798529
982597
356010
446818
71127
603818
785914
551033
995031
797063
781082
399918
960349
985795
542638
742872
755008
986983
92734
813889
298190
480252
33962
93962
716750
407518
667469
572820
63620
944137
