5779
22514
27684
32705
33962
43457
49132
52490
57734
58813
63620
71127
80410
92734
93962
111555
153140
155447
169285
188494
213623
248719
254715
262148
279116
290980
293428
298190
314546
322848
356010
377257
399918
400465
405650
407518
426571
429239
431204
434287
434598
446818
449891
465800
475652
480252
491908
505747
524881
525568
539796
542638
545195
551033
552836
556121
566242
572820
603818
604988
621750
628420
630236
631747
631975
667469
672329
684345
690420
697387
716449
716750
731193
734060
737026
742872
755008
768457
781082
785914
791956
795043
797063
798529
800517
807830
813889
855874
934745
940639
943561
944137
947942
950456
960349
982597
985795
986983
992747
995031
